uid	C	h	|S|
184274305	1.56051	0.536033	6
178808746	-0.0	0.676824	1
196071730	0.457846	0.314082	2
32451329	0.155441	0.103557	2
23244977	-0.0	0.395024	1
21658412	1.29446	0.279111	15
235319539	0.682526	0.026885	2
253422875	0.682526	0.0303216	2
59697909	4.20348	0.312381	58
17580892	0.969234	0.689308	2
62509989	0.520303	0.34608	4
14448173	5.61684	0.755324	195
186633188	3.41225	0.822498	15
23154642	0.709223	0.0974896	15
124854403	0.817948	0.15319	2
116706360	2.89809	0.87196	9
56377143	0.86508	0.845818	2
107572393	2.63771	0.521327	25
1712831	4.39443	0.599827	87
16290327	4.72158	0.568053	51
111992715	0.593319	0.390951	2
36643209	1.9055	0.701115	5
19713521	6.72532	0.63038	228
39584114	1.32637	0.863976	3
23172966	3.72349	0.506432	103
52788040	2.44069	0.86558	7
146943510	0.885613	0.367209	2
16506186	0.599314	0.387726	2
27515718	0.87704	0.739112	2
24716002	0.865637	0.500595	2
6911662	1.00974	0.157124	6
135108060	0.718171	0.45427	2
184630300	0.562782	0.44636	2
51131831	-0.0	0.296576	1
236195413	2.26078	0.571055	19
146965762	0.583927	0.445316	2
16882980	4.19182	0.761402	42
15434432	1.92499	0.842545	4
95985617	0.902457	0.678648	2
36997036	0.361721	0.162954	2
62554155	4.44508	0.738529	92
192477353	0.758269	0.57647	2
20160897	7.19715	0.73955	333
18183592	1.76975	0.702613	7
20733757	0.788273	0.389575	2
42992593	0.989382	0.752957	2
18954425	3.36319	0.605177	51
131370098	0.987594	0.853604	2
36912323	3.87548	0.750157	38
105623556	3.07057	0.66781	15
178367712	5.33205	0.636603	105
168245060	0.863401	0.35864	2
29459695	4.75139	0.872803	45
179264757	5.36149	0.376198	265
90776145	3.84796	0.818952	17
24436600	4.0531	0.784132	30
18049840	4.85461	0.913927	41
201763743	0.881499	0.638358	2
230182617	0.999343	0.875509	2
202192724	0.879412	0.696789	2
19377400	3.705	0.549776	88
179604441	1.81788	0.642481	5
142513252	5.25925	0.678044	97
43163302	0.747598	0.41163	2
211922592	0.808911	0.620996	2
75630518	0.886122	0.590553	2
97716037	2.26988	0.631967	9
28863804	1.35657	0.486879	4
65193458	0.666537	0.476424	2
42284908	0.636522	0.430135	2
178525052	5.58226	0.467648	272
110918004	0.755136	0.556203	2
224074946	0.428569	0.345351	2
18626582	0.740734	0.574883	2
135701184	0.838373	0.594674	2
42868982	0.996985	0.850031	2
15896379	0.895311	0.66925	2
26847783	0.856284	0.711327	2
79740296	-0.0	0.965458	1
33498000	0.861711	0.666817	2
35524334	1.77585	0.562817	8
245595559	4.72942	0.91217	48
29807370	6.19172	0.678705	206
14578544	0.823508	0.523391	2
66951419	0.671767	0.395182	2
245793450	0.919987	0.503695	2
39047949	1.28637	0.607231	3
17011345	4.13814	0.588572	29
30308283	0.862276	0.63542	2
18449174	2.16011	0.517671	8
193274143	0.977315	0.838279	2
16615594	4.01625	0.645669	49
15978380	0.667014	0.381072	2
106824606	0.90105	0.624395	2
35810047	0.817287	0.648815	2
18017238	0.849261	0.638042	2
18879847	5.22949	0.609183	93
30665326	0.729181	0.680695	2
16261638	3.76793	0.827582	35
7144882	1.69741	0.593625	6
229944730	2.24821	0.655791	13
258923616	2.23322	0.797728	6
16175706	4.62367	0.928386	44
188574103	0.617973	0.315973	2
184518363	0.84144	0.553638	2
220190718	0.565245	0.371139	2
17393790	6.44741	0.61835	177
19794129	2.89335	0.71397	10
133923294	0.399687	0.12313	2
20698002	3.74036	0.826303	17
85665693	0.60471	0.349353	2
42026511	0.683913	0.344808	2
42684074	0.729599	0.523762	2
271978241	0.922489	0.690818	2
258843668	0.905469	0.262186	2
18066875	4.70453	0.943846	35
17789501	4.8749	0.905924	45
240606964	0.767901	0.547066	2
143482718	0.482021	0.408527	2
218193050	0.729599	0.548606	2
52910865	2.92827	0.697966	12
16366271	4.41749	0.602181	33
252371425	0.649034	0.456047	2
14304302	0.941362	0.765208	2
20376532	2.49687	0.225975	53
99324565	1.63647	0.754257	4
46958309	3.59257	0.728753	21
19996935	0.783193	0.546992	2
24733117	5.059	0.56714	100
210058908	0.702023	0.449267	2
78451911	0.541771	0.40377	2
14911255	0.89336	0.626517	2
131643746	6.55982	0.489021	384
254296568	0.807551	0.619447	2
104733034	0.98864	0.501016	3
240790026	0.669871	0.483794	2
255325506	1.44497	0.63482	4
4958911	1.8314	0.891367	4
186241653	0.578892	0.488316	2
58268797	0.992	0.460941	4
18122984	8.4505	0.735742	578
56669858	3.0258	0.830441	9
15678167	3.11929	0.794946	13
33657457	0.739511	0.494056	2
239221881	0.684374	0.440321	2
155311735	0.729181	0.54833	2
17753670	1.42551	0.662838	4
9188592	3.33369	0.846498	16
6423192	0.844776	0.659421	2
62635353	1.21787	0.51758	4
38233144	0.80447	0.576466	2
89385774	3.03118	0.538662	16
35195343	0.540573	0.426675	2
188867349	0.619543	0.400164	2
84903392	0.643066	0.386386	2
22256515	0.735821	0.574885	2
186267547	5.33077	0.781068	191
133834939	5.67128	0.571572	196
142127373	1.13144	0.478624	4
126351209	0.817948	0.494408	2
198265859	5.23813	0.615397	91
133941575	0.62319	0.510226	2
58341833	2.06388	0.772224	5
14476147	3.02524	0.885124	10
14664756	5.38875	0.919737	56
44961029	0.647549	0.415424	2
105214847	5.3315	0.644131	100
151212561	6.05998	0.581031	223
19306111	0.491887	0.474886	2
24608101	3.29083	0.923703	18
208093309	0.805842	0.683237	2
240878542	6.255	0.940702	119
68554574	0.79962	0.578899	2
37391190	0.769041	0.742999	2
22341769	2.16775	0.819838	6
121163932	0.815961	0.665489	2
24897332	0.587259	0.403566	2
15411151	0.457846	0.351549	2
99325018	1.1904	0.496794	4
73986605	3.66014	0.86847	26
70461418	0.69935	0.571746	2
18794068	5.12923	0.591422	243
78470249	1.57343	0.68173	4
25904035	2.36261	0.631201	12
260853701	1.39014	0.566085	4
15322793	2.34264	0.813356	6
255257849	2.18553	0.633006	7
15495117	0.854545	0.747035	2
48900102	0.91872	0.837144	2
40957993	6.66149	0.702487	342
112479899	4.08774	0.924866	21
59616920	0.821231	0.710967	2
111847014	1.71567	0.615288	5
14777850	2.56047	0.627659	8
21213658	6.22814	0.72051	205
266278152	0.434081	0.314496	2
183088045	0.659999	0.294712	4
16527332	1.44375	0.616782	4
181301357	0.770178	0.676316	2
1307011	1.75096	0.975518	4
244671893	0.718599	0.493064	2
20649770	1.87711	0.977096	4
76976987	0.913985	0.830389	2
15131310	3.28361	0.590409	25
18565158	1.79742	0.972062	5
19111507	0.783193	0.722993	2
44206517	0.25276	0.176873	2
106400899	1.61563	0.561586	5
74153376	0.863962	0.780582	2
16570335	1.26144	0.580033	4
17542265	0.741141	0.631807	2
252855619	0.672239	0.544969	2
259891539	0.892869	0.811259	2
14040522	0.953331	0.902473	2
44150150	-0.0	0.98012	1
1293051	1.96279	0.78798	5
19022242	-0.0	0.625132	1
160029634	1.47042	0.702971	4
125322205	1.2197	0.552967	4
18773467	3.68703	0.964748	16
177081110	2.71772	0.190289	35
20476654	0.441868	0.200751	2
19089993	0.933802	0.675427	2
18704291	0.863401	0.678076	2
16824146	2.35654	0.695714	7
1917731	2.45682	0.678705	11
189474615	2.16338	0.788669	6
22042468	5.55205	0.627769	205
246627716	1.23931	0.93172	3
76745868	2.59933	0.690487	14
35548601	1.1183	0.482482	4
119196878	0.365701	0.282972	2
115753716	0.619543	0.416992	2
232191946	1.37332	0.258218	5
107209093	0.440459	0.225156	2
21303464	0.321305	0.246803	2
179273010	1.61896	0.747237	4
230859303	0.615346	0.350203	2
4954131	0.782461	0.759783	2
124920374	0.807532	0.725212	2
7526892	1.4024	0.669236	4
70236664	3.27518	0.608271	86
12088232	5.06847	0.574555	97
14562685	1.57496	0.620085	9
178708337	0.581135	0.575399	2
17520649	2.15718	0.35614	12
21751985	0.746796	0.50203	2
180151159	0.474764	0.333647	2
52814458	0.778781	0.624558	2
27789999	0.716883	0.582706	2
34376087	3.47109	0.499569	24
14429823	3.63298	0.949161	15
76866234	3.1598	0.839439	14
85150043	0.111641	0.0948176	2
185187643	0.716883	0.50142	2
174319881	0.765007	0.435202	3
219913962	1.11599	0.480196	4
17486092	7.51925	0.566253	481
19734025	7.7915	0.734536	473
165494539	0.773568	0.611123	2
165942642	3.81736	0.622293	86
24247270	0.54832	0.406841	2
16700601	0.34881	0.231398	2
97158610	0.674126	0.542456	2
27503151	2.85296	0.727827	10
162959093	0.6564	0.514243	2
18941347	2.25921	0.804368	9
165857031	0.533332	0.317298	2
27553223	0.597907	0.209514	3
55927532	2.83488	0.3312	207
61425810	2.52329	0.71306	9
22935909	1.69525	0.764608	5
18773339	1.99602	0.810202	6
223005128	6.30903	0.307449	219
238341121	0.562939	0.36262	2
63073975	0.62215	0.482722	2
70477603	0.802745	0.673139	2
183626732	0.714295	0.704058	2
14124881	1.25573	0.914095	3
28573074	1.0052	0.299762	5
34405249	0.547127	0.3773	3
39218630	0.910229	0.817871	2
215456197	0.807891	0.615926	2
21316936	0.666059	0.44199	2
18913509	-0.0	0.93166	1
96655484	0.557718	0.441136	2
22516489	5.28742	0.451034	125
30955860	0.537566	0.357985	2
134156687	1.69425	0.824445	4
25637773	0.473427	0.404119	2
824157	0.815296	0.713581	2
13817822	0.524157	0.361406	2
775861	4.68565	0.633658	233
220594903	6.8413	0.830153	178
23664028	2.41578	0.888599	9
15842676	0.547135	0.257944	2
25885519	0.457846	0.361102	2
175533140	0.409389	0.190655	2
20477352	2.61224	0.744092	9
107145433	3.50571	0.628424	107
237876854	1.28057	0.536052	4
57203	1.24686	0.568074	4
14343150	6.44512	0.653489	232
79930408	1.50639	0.951197	4
171594145	0.673655	0.548884	2
32657709	1.24623	0.557498	4
263234033	-0.0	0.9298	1
96898398	0.667969	0.472731	2
14763855	2.04337	0.485731	7
18460854	5.30298	0.700399	112
168837176	1.67955	0.680127	5
47721240	0.796113	0.682162	2
20897273	0.398935	0.229604	2
171671275	3.69296	0.528677	108
71071795	0.808232	0.634665	2
18706144	2.20421	0.70934	9
16273144	1.7716	0.741465	4
15349653	5.89466	0.664398	223
159658784	5.874	0.815391	155
142410443	1.22451	0.913254	3
16248319	4.36207	0.698433	27
17477864	0.416019	0.229331	2
91243832	3.32506	0.384741	18
14870804	3.586	0.852329	20
8071902	0.822209	0.811735	2
16172615	4.15718	0.314958	56
162017343	0.354491	0.14546	2
157765776	1.54628	0.585284	8
14468043	6.50832	0.492829	231
15293352	4.42627	0.671455	94
87321877	0.424753	0.215732	2
135930594	4.46859	0.634115	68
174810309	0.615346	0.38293	2
169103586	0.564093	0.311498	2
184495064	3.29622	0.612283	85
14819061	1.651	0.634407	7
112009840	1.1529	0.311182	3
17366263	0.768281	0.728207	2
66011751	0.713429	0.507279	2
82977544	0.577203	0.416307	2
105109640	0.527844	0.372064	2
65507075	0.580014	0.41859	2
75221587	1.37463	0.602646	4
18500081	2.35102	0.555276	37
16703461	5.34046	0.749807	208
115036116	0.506016	0.254427	2
110730520	0.724133	0.503151	2
227694791	0.294291	0.159055	2
148418872	4.11696	0.518915	93
179302942	-0.0	0.598769	1
15754851	2.16589	0.708087	6
81799773	0.24116	0.211172	2
140983662	0.323856	0.235674	2
5656332	-0.0	0.899411	1
112760135	1.73575	0.551843	10
230525319	1.1936	0.521676	5
21703120	1.24753	0.549756	4
35783898	0.787552	0.573701	2
29355945	0.542967	0.434631	2
217392065	0.485357	0.291769	2
33247276	1.96531	0.75219	5
208064567	0.782827	0.643786	2
121296694	1.07082	0.57947	3
61421779	0.857448	0.359123	4
71632263	1.45336	0.677195	4
15808765	1.69164	0.700794	6
42469463	0.740734	0.626365	2
36008885	0.17469	0.0724176	2
13527262	-0.0	0.892605	1
24816382	1.13179	0.612754	3
9158962	4.22054	0.573761	28
25610972	1.36642	0.603612	4
166248847	2.22406	0.333679	77
146655020	0.686214	0.592476	2
14227897	4.27392	0.618179	204
21259003	3.47429	0.499537	198
49472317	5.48554	0.671933	181
266761504	0.69441	0.665549	2
60146028	3.69784	0.437046	201
42300159	0.414552	0.253893	2
15896304	0.598772	0.440983	2
23932737	0.549503	0.391632	2
18131988	0.530899	0.466426	2
226995027	1.66931	0.521903	7
33637010	2.31116	0.215808	78
17420951	1.33049	0.715289	7
121197192	0.812686	0.0893291	3
15947185	6.02627	0.603324	244
119777563	3.57305	0.665541	67
30924802	4.31664	0.806158	26
158630760	0.982932	0.525367	3
146452672	0.809828	0.388669	3
85632018	1.5689	0.265464	47
77731518	0.660769	0.487618	2
208398817	1.15016	0.459721	4
77292945	1.33935	0.609837	4
107852396	2.14433	0.9694	7
18308864	0.771688	0.701857	2
177258627	2.05029	0.618142	6
42231175	2.69881	0.777876	9
88140118	5.02374	0.469917	417
240541399	0.555967	0.506513	2
28486708	0.760214	0.745813	2
14228300	0.778781	0.69049	2
14545046	0.60471	0.550608	2
59908663	2.46915	0.540492	40
31123364	0.645561	0.603575	2
33014475	0.974838	0.497176	3
163009920	1.37487	0.610625	4
182982341	2.79109	0.435344	103
108823074	3.84853	0.824712	35
21990854	0.557718	0.320068	2
57158969	1.87476	0.568835	6
25447492	4.0555	0.750826	32
107548401	0.552851	0.25127	3
43635444	5.74228	0.734942	104
72515978	0.578892	0.491997	2
34434801	0.638544	0.446476	2
12522	2.16059	0.7594	6
158980067	0.347994	0.264044	2
63290903	3.22813	0.457965	46
165245544	0.557135	0.384736	2
76667648	0.716883	0.592136	2
46499643	0.827875	0.41418	3
24636191	0.989175	0.39885	4
18637420	4.73643	0.528494	81
169245808	0.564093	0.377207	2
18436433	5.28651	0.70006	151
15074370	0.87032	0.855999	2
21182196	-0.0	0.743195	1
235439150	3.74511	0.755201	17
198590293	0.792215	0.547447	2
22018221	4.00515	0.765033	21
134141151	1.42679	0.588592	4
269734168	0.808911	0.695848	2
177506008	0.56467	0.491918	2
23135992	0.851623	0.840168	2
62816181	3.6635	0.426533	42
197255782	3.24835	0.427519	190
16462209	0.538169	0.46632	2
14985117	0.433368	0.367776	2
58929178	2.21153	0.481215	38
23469093	0.547135	0.427354	2
23031702	1.12393	0.436501	6
63192289	0.267867	0.187371	2
15081182	0.610585	0.566911	2
72583861	0.613235	0.538871	2
90854372	0.805628	0.399847	3
186791742	0.591123	0.457687	2
200230533	3.7399	0.318437	27
92356909	0.753166	0.702034	2
1750241	2.89733	0.536023	99
16818880	0.686673	0.54793	2
228397622	0.533332	0.420568	2
15762258	1.37962	0.640042	4
92927188	1.02348	0.423655	5
17083396	2.37876	0.684507	11
227162392	5.9337	0.708988	222
110545906	0.715591	0.702813	2
14870168	1.40521	0.456219	6
15106068	0.451642	0.329482	2
23008116	0.672712	0.639133	2
15585410	4.12426	0.481554	109
263159094	2.35421	0.58884	7
70199201	3.10364	0.439078	23
16561212	0.533939	0.522251	2
151690856	0.793131	0.494417	5
62846638	0.669396	0.521352	2
39362638	0.457159	0.31148	2
139960419	1.08679	0.830667	3
5660312	4.023	0.520594	216
26780801	0.635001	0.5274	2
106283898	1.39346	0.603015	5
18627463	-0.0	0.446587	1
23500913	0.829607	0.791634	2
215279991	6.36141	0.838706	188
5489202	1.26396	0.705988	4
91106767	-0.0	0.866505	1
111047938	4.30426	0.535072	183
14218186	0.686214	0.645792	2
76456492	0.623642	0.549453	2
18343178	0.493833	0.462767	2
55648693	0.693506	0.583104	2
17925141	4.38967	0.543919	95
8757362	1.83759	0.660617	5
38976017	0.846579	0.83443	2
57081867	0.692601	0.638426	2
18429289	1.67647	0.607209	5
135399738	0.16911	0.0733767	2
13028322	0.684835	0.668268	2
20938935	2.87647	0.46896	101
15239123	0.421129	0.354601	2
14661957	0.62319	0.568802	2
37420083	2.81841	0.52283	15
36563254	1.12195	0.50979	4
68807455	1.05531	0.566929	3
117604712	1.8618	0.710596	21
216258042	0.498992	0.350106	2
119946793	0.796507	0.387663	3
10876852	0.888144	0.871665	2
190229279	0.446774	0.303239	2
790000	1.00606	0.441522	4
116108369	7.21511	0.624068	369
151084354	1.61174	0.377685	14
14951992	5.20743	0.740094	100
65293006	3.08454	0.558354	86
17591742	0.583927	0.537397	2
156693720	1.38791	0.484599	5
137679779	1.08755	0.84759	3
13807132	0.582253	0.50141	2
114235871	0.604172	0.550956	2
11606702	0.551862	0.491316	2
19993686	0.660769	0.606365	2
15135214	1.32603	0.578368	4
20858400	0.499634	0.424522	2
226011338	0.989108	0.416647	4
149612671	0.417483	0.279237	2
26539097	1.66642	0.461689	4
14742479	1.51338	0.73176	4
91191989	0.768077	0.187113	18
23401174	2.76848	0.4605	40
14612263	0.781361	0.692749	2
51908250	0.847476	0.822876	2
14923682	0.873842	0.4539	3
38580030	0.245054	0.218844	2
16294267	3.68081	0.588109	18
8935052	1.31387	0.567863	5
27702107	5.0475	0.412514	72
14384696	4.20265	0.465516	112
14321959	1.67209	0.580404	5
14217862	0.561783	0.438234	2
15409034	0.922519	0.674218	3
36832842	5.06911	0.375946	117
15819292	0.944697	0.484174	3
27908385	2.10228	0.424673	49
190969275	0.326398	0.259961	2
608473	0.70995	0.683341	2
93396189	2.24863	0.597155	5
156296440	0.635001	0.449234	2
83943195	0.859214	0.615869	3
170061178	0.538771	0.495181	2
19374805	1.60675	0.565324	6
27109378	6.34807	0.551567	253
35671638	2.09271	0.59987	34
108083117	1.35071	0.593261	5
210014700	4.91499	0.312378	223
16616272	3.00303	0.269296	51
144231655	0.7082	0.66116	2
90971235	5.53661	0.595956	164
11063312	2.43025	0.637113	34
42202168	2.773	0.457417	122
2900	4.19079	0.732659	71
109150601	1.39879	0.499716	5
11435642	1.8125	0.65512	7
23777198	4.04804	0.862572	27
14835646	0.490587	0.392684	2
19721592	0.721162	0.705044	2
16313592	0.754349	0.742304	2
39897996	3.72567	0.372605	64
232682267	3.08922	0.647619	17
17179368	0.646556	0.579009	2
169722743	0.229315	0.165139	2
21575880	0.727925	0.631683	2
15365998	5.02488	0.680878	213
1774081	1.59099	0.356241	26
15891536	2.36981	0.465564	36
129935970	0.553625	0.541171	2
141418796	0.669871	0.633304	2
78924375	-0.0	0.602574	1
239976874	0.446075	0.389893	2
18754728	-0.0	0.824058	1
238602830	3.77668	0.517586	195
16237734	1.1345	0.616392	3
25373949	0.568687	0.53338	2
250983856	0.411607	0.364128	2
18611056	5.57835	0.430621	288
23148563	1.58957	0.241759	39
15292471	1.39816	0.605522	7
117626824	3.51665	0.427849	186
26089676	1.79923	0.660299	5
203871835	0.867024	0.850111	2
103133559	0.497062	0.36356	2
93100491	3.29194	0.384949	165
70062275	4.3702	0.6995	37
30404850	0.407163	0.31332	2
180595146	0.524773	0.396667	2
162557157	-0.0	0.893592	1
46037408	0.718016	0.0907747	16
15943715	1.30542	0.568487	4
17576806	2.84243	0.647071	9
17519222	0.586151	0.552611	2
15447400	0.721588	0.59963	2
21460496	2.02028	0.431439	47
173387492	0.673655	0.566978	2
17194090	0.4667	0.362314	2
16050296	3.47221	0.442359	35
40348955	0.443975	0.335358	2
52254968	0.448864	0.2869	2
8402052	-0.0	0.786699	1
16716129	0.648539	0.59306	2
28211629	0.516091	0.36887	2
20192882	0.713429	0.707362	2
11673662	3.41336	0.778996	12
1717291	2.98776	0.551866	27
1394361	0.526617	0.391348	2
15683948	2.3311	0.485221	75
9734372	0.64086	0.457652	3
15463771	2.81911	0.514459	22
90203791	0.526617	0.455914	2
34146256	0.5583	0.497968	2
73359595	0.410129	0.280754	2
28018958	1.78173	0.759163	4
188085022	0.661252	0.555905	2
12984	0.855319	0.357808	4
22457041	0.769041	0.719051	2
235235930	0.537566	0.468896	2
84217059	3.5827	0.572569	93
18929690	0.68186	0.300624	4
14746460	3.19542	0.649659	10
15706037	0.76099	0.707789	2
193544915	0.437625	0.364143	2
144892029	4.00807	0.74494	24
119086671	0.615872	0.546314	2
36880462	4.32386	0.494821	33
260548343	0.701133	0.684625	2
145315512	0.391361	0.252758	2
17215826	3.6149	0.538589	108
18239795	0.664142	0.603337	2
85481462	1.00551	0.401857	5
9175912	6.80848	0.526925	298
197074340	0.419673	0.33035	2
53324525	0.284251	0.225318	2
216464216	1.09144	0.502064	4
226625808	0.309254	0.1423	2
172397445	0.573812	0.517325	2
156743304	0.860781	0.3702	6
220052633	0.289819	0.0933651	2
16363738	0.557135	0.530874	2
174649888	0.551273	0.505868	2
27386308	0.378273	0.241448	2
18507464	0.826413	0.7983	2
86528620	0.315309	0.176744	2
77972784	0.271836	0.131711	2
95927735	4.93634	0.537118	78
14349894	1.02267	0.424635	6
27325141	0.414425	0.282073	2
12611642	0.572108	0.484296	2
90420645	0.827641	0.383849	3
9926562	0.524157	0.41247	2
9543992	0.580575	0.532598	2
60642052	0.809928	0.794674	2
15747743	0.40119	0.374682	2
239221322	5.76261	0.549192	219
14652452	4.24428	0.463925	338
5683952	0.719455	0.708668	2
21507298	5.40095	0.399982	140
133575658	-0.0	0.32165	1
25740983	0.467376	0.455813	2
15446200	0.691239	0.650624	2
126346398	0.399249	0.296835	3
270781759	0.131684	0.0661081	2
208161241	3.67442	0.769177	16
155971406	1.0032	0.431721	4
72661977	1.24487	0.571954	4
14335761	3.18034	0.49453	127
811051	0.450255	0.30536	2
142042209	0.653466	0.590601	2
14562004	0.987385	0.448523	4
45526985	0.715159	0.614786	2
12372812	1.12149	0.692141	8
188092633	2.58628	0.614529	13
166394396	1.41319	0.5078	5
119395435	0.481226	0.44081	2
19650336	1.06194	0.619008	5
25911549	2.63725	0.526094	15
13683762	3.13838	0.623215	32
36292512	3.87462	0.598023	32
119546373	0.60471	0.518038	2
17150292	0.62267	0.548719	2
31619861	6.85265	0.607315	309
24849387	0.740734	0.733214	2
97361708	0.624227	0.580536	2
19519071	0.588918	0.514756	2
181520337	0.267867	0.185056	2
49464688	1.58467	0.240375	39
26470645	0.644065	0.619965	2
75192691	0.506016	0.42835	2
43600056	0.544757	0.526553	2
40362652	1.4243	0.684774	4
66759379	2.72853	0.702338	14
15689313	4.42232	0.51316	205
175222812	0.473427	0.447093	2
197962366	0.564093	0.518261	2
17506774	1.00633	0.708671	5
14179549	1.10341	0.508962	5
25799963	0.648044	0.614331	2
92694911	0.37905	0.318667	2
7449512	0.434081	0.375127	2
8159652	0.524773	0.459905	2
26744291	5.41971	0.310976	86
167686055	0.550093	0.544552	2
14330959	0.770556	0.66394	2
175405668	0.317028	0.212861	2
152352981	0.488631	0.48162	2
24975816	0.502833	0.345446	2
127686449	0.577767	0.499659	2
19771162	0.632965	0.586541	2
119113698	0.382923	0.341297	2
263288991	1.07959	0.285907	7
126979577	0.42403	0.371654	2
271118582	0.504745	0.487242	2
129176641	0.581135	0.436083	2
73779154	0.629897	0.513129	2
43337452	0.587259	0.477375	2
96477730	-0.0	0.769815	1
23437737	0.618497	0.590511	2
75141533	0.219244	0.159499	2
26874644	0.558882	0.514449	2
235737404	0.34881	0.302564	2
203652149	0.749595	0.696641	2
197156324	1.19439	0.289926	8
17224082	1.00043	0.48918	4
108357234	0.328086	0.239247	2
68241308	0.677184	0.339843	3
158269738	0.162326	0.0614597	2
18262412	4.93584	0.522964	173
20567743	3.87506	0.580633	83
703953	0.632455	0.590998	2
138274446	0.443273	0.328046	2
26312359	3.19267	0.688976	21
19410436	0.331449	0.301716	2
186250318	0.610918	0.453285	3
114049072	0.536012	0.436993	3
113619900	5.7267	0.546285	246
76000222	0.614291	0.575852	2
19552126	0.737703	0.402537	5
20951716	0.577767	0.511164	2
216994183	0.587597	0.280681	3
262537144	0.645329	0.294912	3
21975870	0.848104	0.35683	4
11674822	0.535755	0.479622	2
27257879	2.77624	0.336974	228
14131420	0.378417	0.126834	4
10400902	0.944785	0.418274	4
169234290	0.468051	0.42527	2
19475375	0.529067	0.513227	2
17343595	4.61942	0.549463	93
156783397	0.591673	0.525198	2
101142166	0.762922	0.750255	2
242354131	0.659801	0.591157	2
27865199	0.413817	0.40233	2
114467024	0.776022	0.324728	5
27071190	0.820616	0.384113	3
8883702	0.694861	0.663419	2
38668559	0.453025	0.234263	2
224255455	2.47048	0.333684	95
211787112	0.462629	0.328437	2
25874451	0.711258	0.692219	2
159563937	0.994681	0.523858	3
183163917	0.560624	0.505534	2
6018562	1.11105	0.598209	3
206358757	0.633984	0.602531	2
24303	-0.0	0.604737	1
73341141	3.50708	0.518105	16
59580078	2.13351	0.714609	11
16148602	0.545352	0.479891	2
226777208	-0.0	0.628243	1
52504402	1.74577	0.499246	8
42381705	1.20822	0.33143	6
50832715	0.895522	0.403982	4
106185357	0.52594	0.392173	3
13225072	0.616923	0.603919	2
270308750	0.392883	0.344414	2
50193	0.686214	0.634723	2
16630502	0.691239	0.684848	2
58912749	4.95424	0.509322	345
132220676	0.326398	0.230115	2
172238478	0.60471	0.576079	2
20660609	2.03328	0.23256	28
94380830	0.466023	0.317632	2
5778852	0.506016	0.451614	2
219486031	0.490587	0.412538	2
17971670	3.73876	0.695757	79
6535242	0.664142	0.638115	2
90404746	1.02722	0.53413	3
14850221	0.410868	0.308558	2
16177296	1.60923	0.469359	7
136817353	0.509182	0.46195	2
94686506	0.418944	0.346667	2
14524060	3.89401	0.572826	122
220578999	0.223295	0.192553	2
19790013	0.492537	0.487731	2
130158543	0.558882	0.410644	2
148055679	0.416752	0.257299	2
175344254	0.763549	0.29498	4
51240919	0.309254	0.215721	2
25163231	0.757878	0.739495	2
22883967	3.6485	0.227288	39
39619991	0.472088	0.423548	2
18162777	0.923839	0.420532	4
39932500	1.48752	0.519663	12
27018757	4.08801	0.350703	80
15917510	1.03274	0.49026	4
132526387	4.34937	0.494216	109
59608784	0.4599	0.28168	2
196310571	0.681136	0.621966	2
20351695	0.491887	0.451606	2
169655919	1.48157	0.168666	13
17734669	3.74626	0.24347	59
31962068	0.519206	0.467413	2
149532313	0.704075	0.338974	3
29015085	0.395159	0.278991	2
95354168	0.192127	0.16706	2
19062153	1.36982	0.59186	5
18368098	0.651501	0.598444	2
15051601	1.16485	0.903115	4
28017930	0.622695	0.351072	4
97985235	0.333959	0.289796	2
23420024	0.617448	0.568774	2
134670236	3.07514	0.623314	15
204390536	0.58504	0.530519	2
159163111	-0.0	0.521572	1
262445429	4.06432	0.526498	57
254359278	0.219244	0.109733	2
14517899	0.524773	0.515371	2
39935911	-0.0	0.657411	1
16249213	0.709142	0.443423	4
50060799	3.34913	0.223307	13
15600217	0.718346	0.466827	5
117477071	4.26391	0.418689	54
89492277	0.710377	0.338302	3
110866731	5.08948	0.587686	171
104901157	0.541771	0.48477	2
170394787	1.97695	0.657226	18
155883945	0.262676	0.244806	2
22360594	0.441868	0.265236	2
101221067	0.338949	0.289973	2
230476419	0.43051	0.375809	2
14099516	0.983468	0.336898	3
156765445	0.362519	0.281082	2
123324025	0.934158	0.481352	3
17641457	0.671767	0.668101	2
123778145	0.540587	0.186004	5
14437914	4.27401	0.654279	32
251487559	4.0285	0.66569	65
48900286	2.58981	0.379781	137
159541164	0.567542	0.354654	2
257467966	0.592771	0.559555	2
123963067	0.586151	0.536885	2
175821057	0.734997	0.666268	2
14376840	0.542967	0.48459	2
40443752	0.720633	0.362151	3
21690938	-0.0	0.725334	1
109460638	0.574378	0.556664	2
26850477	0.605246	0.563493	2
221180607	0.684467	0.720524	2
19003668	0.713871	0.551453	3
47791995	2.13917	0.282359	119
200713835	3.3389	0.285493	264
83277670	0.34636	0.260467	2
238856347	1.98101	0.564502	5
15706633	-0.0	0.409366	1
46189928	0.386004	0.340952	2
23953237	0.614291	0.559572	2
15441074	2.57494	0.661734	29
16897237	2.21596	0.481798	22
67603734	2.11541	0.262748	80
27682973	1.91182	0.733368	5
224812015	0.546908	0.393564	3
199624094	3.39779	0.443928	15
80655938	-0.0	0.684081	1
48892632	0.588366	0.561197	2
18953266	0.393643	0.277024	2
31520228	0.572677	0.550274	2
18833982	2.7219	0.298225	191
29555467	0.578329	0.506029	2
14822021	0.52354	0.475455	2
14861579	0.483385	0.472583	2
46072995	0.527231	0.462853	2
16012310	1.56585	0.586279	5
171569791	0.420401	0.396169	2
18655567	3.17938	0.601128	78
18832833	1.83701	0.47963	5
17393362	5.1745	0.424671	149
128601175	3.77838	0.411883	110
17945015	0.559464	0.546219	2
54877998	1.07072	0.474569	5
17396038	0.62163	0.589538	2
48142800	0.667492	0.646069	2
456	0.989934	0.448519	4
11058922	0.532099	0.373348	3
21817105	0.553038	0.488595	2
78789634	-0.0	0.584407	1
205346326	-0.0	0.681532	1
33080831	1.29821	0.433221	9
8769212	0.58504	0.527505	2
232603412	0.643066	0.539994	2
17202143	0.463309	0.436228	2
117943004	3.04653	0.533584	25
245314387	0.318742	0.275714	2
212449549	0.385235	0.344525	2
78906196	0.42403	0.346056	2
55933111	1.88888	0.527316	7
15479484	3.09545	0.505192	52
62850757	0.419673	0.197796	2
68552069	0.540573	0.479074	2
42793960	0.730434	0.712575	2
14270329	0.688962	0.640993	2
16027532	0.643566	0.63423	2
7155782	0.416019	0.36911	2
253888243	5.24991	0.371243	275
22589921	0.285312	0.239147	2
15445154	-0.0	0.577371	1
16540406	1.90175	0.394733	47
16641718	5.12911	0.480884	128
39591754	2.9653	0.486615	24
86080280	0.263189	0.24112	2
19675857	0.461948	0.419507	2
184517281	-0.0	0.711056	1
83220224	0.657374	0.552639	2
17212941	0.474764	0.408382	2
166393495	0.464668	0.41521	2
243660328	0.445376	0.399056	2
72627052	1.20402	0.669442	3
180770812	1.49596	0.524374	5
70706453	0.484043	0.387708	2
33617885	0.386772	0.35926	2
28674090	3.82823	0.44945	238
77577477	0.627327	0.555412	2
852861	2.94114	0.570398	8
38864480	0.513588	0.382132	2
77107611	0.413081	0.302978	2
15219854	0.651993	0.633719	2
208325536	0.421129	0.328427	2
16887348	0.303065	0.197979	3
16373550	3.33441	0.675228	25
19783137	0.613235	0.572303	2
30268257	-0.0	0.603386	1
10168082	-0.0	0.690757	1
34323672	0.477288	0.328274	3
18028249	0.577767	0.528669	2
12354252	0.86712	0.453033	3
25729276	0.927959	0.448993	3
129360573	0.551862	0.528653	2
215151662	-0.0	0.459441	1
179925427	0.463309	0.423978	2
18041438	-0.0	0.596035	1
138555043	3.95288	0.51109	79
52826354	2.98691	0.693957	10
34733255	0.603096	0.539894	2
10420662	4.12929	0.598573	89
19988765	4.72478	0.511244	129
58881671	0.560624	0.493532	2
147787042	1.0476	0.423031	8
236906258	0.612706	0.546738	2
166961004	0.533332	0.478654	2
19611658	5.10186	0.469372	86
37069994	0.555382	0.454801	2
33668466	1.10748	0.475024	4
145347010	0.420561	0.311814	3
89280747	-0.0	0.601218	1
23974021	0.644065	0.470202	2
139909424	0.471417	0.367646	2
72426413	0.505381	0.470469	2
212006174	0.456472	0.349728	2
233743392	0.448168	0.403999	2
236409451	0.422581	0.31955	2
139889120	0.49448	0.484584	2
15044502	0.445376	0.43432	2
9277002	1.0203	0.550072	3
25367291	2.46383	0.411921	44
33452988	2.97198	0.295687	14
6708952	0.598772	0.561347	2
66993	0.574378	0.500063	2
256730418	0.58337	0.535668	2
94965305	1.53434	0.555007	5
23246523	1.59228	0.371574	23
16827720	1.29039	0.564979	5
47742968	0.471417	0.385801	2
12597012	2.32025	0.518577	47
82296488	-0.0	0.745628	1
688273	0.591673	0.516586	2
33672294	-0.0	0.595761	1
49620984	4.13573	0.321361	169
261932674	0.322156	0.259924	2
96109157	0.377494	0.237509	2
16393123	0.334793	0.272795	2
55885084	1.4306	0.431838	6
243913373	0.355299	0.248792	2
17288031	0.160043	0.128575	2
228882103	1.12214	0.464568	5
115247248	0.480083	0.433424	2
157455254	-0.0	0.721928	1
213085196	0.785458	0.405475	3
34033504	0.40493	0.355685	2
18417216	0.703778	0.511288	5
17993006	0.61902	0.588175	2
236368003	0.380281	0.20104	2
18127893	0.420401	0.372064	2
16069024	0.561204	0.536554	2
14910806	-0.0	0.554854	1
16703058	0.436214	0.327514	2
21113258	0.501555	0.439613	2
158827969	0.446075	0.413953	2
19408219	0.565245	0.523351	2
19624059	0.455096	0.419094	2
6419872	-0.0	0.597677	1
24551605	0.701133	0.691791	2
21962567	-0.0	0.00772408	1
23064510	0.457159	0.39395	2
75719992	0.655912	0.619707	2
20116255	0.511074	0.492395	2
160249850	-0.0	0.683849	1
55303089	4.40592	0.445036	284
80481912	0.414351	0.357339	2
238709006	0.308384	0.232492	2
44672556	0.640559	0.622588	2
8875462	1.39934	0.107881	18
120696669	0.318742	0.284209	2
86239624	0.459216	0.440242	2
1253451	2.30659	0.555178	8
57131205	3.41767	0.350585	79
199654751	0.782968	0.30039	5
14242280	0.410868	0.324201	2
14605495	0.399687	0.381138	2
84430599	1.59856	0.589537	18
257564668	-0.0	0.717202	1
63009240	-0.0	0.655451	1
131267096	0.940526	0.411985	4
30455734	0.289819	0.221616	2
17848135	2.71009	0.62138	7
26334426	4.09664	0.519952	112
197216839	2.62339	0.475034	109
22023311	0.646059	0.604434	2
18576979	0.412344	0.305632	2
144538924	0.561783	0.501538	2
24794263	0.593867	0.535968	2
132581307	2.72332	0.378015	181
14641392	0.990849	0.407361	5
100818788	0.470073	0.443812	2
14625146	1.02337	0.596145	5
14389132	0.515466	0.470252	2
15826306	0.501555	0.458465	2
1081	0.514841	0.480471	2
147279456	0.58337	0.564142	2
17385961	3.14702	0.286335	118
21816096	0.539372	0.53496	2
258483974	0.4694	0.441655	2
101477465	0.551862	0.537931	2
55145303	0.389835	0.294629	2
14255263	1.93526	0.39499	6
17371061	0.422597	0.289047	3
112443324	0.261307	0.238872	2
19841754	2.61737	0.303369	57
197882703	0.419673	0.270784	2
88829709	0.299615	0.263458	2
38954124	3.53064	0.660184	31
44601540	1.70452	0.345876	53
83434276	1.2038	0.464771	4
94216261	0.522923	0.482954	2
47740393	3.64064	0.523109	21
15529625	0.707761	0.706872	2
161487173	0.603096	0.520397	2
104292960	0.915921	0.45752	3
10786382	0.486013	0.474471	2
72218449	0.551862	0.537014	2
82655261	0.558882	0.519299	2
16153984	0.446456	0.360218	3
12727902	2.07823	0.515053	45
15120037	0.555382	0.539486	2
14586849	0.611646	0.597594	2
15628274	2.92475	0.286909	8
67090241	0.50855	0.451282	2
34075958	0.507918	0.490049	2
260088800	3.76197	0.488631	52
17939480	0.57154	0.541394	2
18431771	0.576639	0.53524	2
41291640	0.326398	0.273109	2
23309869	-0.0	0.627726	1
14125005	0.578329	0.552714	2
251225221	1.95439	0.153468	8
16381764	3.07329	0.65593	9
14291015	0.794374	0.35773	6
58277473	0.586705	0.486211	2
256132522	0.457846	0.400284	2
132250957	0.457846	0.407639	2
49849110	0.421855	0.395619	2
6092972	1.22672	0.536363	5
155394436	0.667492	0.650384	2
13884782	0.28233	0.190016	3
84025309	0.410868	0.403717	2
57643840	1.0127	0.368651	4
17206658	0.464668	0.452347	2
25290300	1.48736	0.406717	7
15726358	4.87058	0.574457	84
109000282	2.39016	0.420163	104
142705588	0.416752	0.3747	2
71847229	0.192127	0.105781	2
33158772	0.255623	0.177732	2
16533239	0.55245	0.503492	2
169780995	0.390598	0.323067	2
52575960	0.580014	0.547578	2
93154796	0.468726	0.40458	2
181516905	0.44956	0.401922	2
120912662	2.20883	0.530557	26
62515092	0.844319	0.353688	4
135102077	0.309254	0.145255	2
6297382	0.473427	0.424289	2
230253710	0.424319	0.329475	2
54252070	0.560044	0.538295	2
90469674	0.513588	0.446797	2
184544253	0.436924	0.388637	2
15831401	5.16511	0.542416	176
162052960	0.793485	0.52462	5
105305259	3.69927	0.677584	26
38729990	0.500275	0.41953	2
229517477	2.67229	0.414269	23
81505840	0.555967	0.546083	2
28377973	0.480083	0.438391	2
147977705	0.354491	0.295563	2
125218969	0.40119	0.336768	2
231535622	2.59231	0.41876	18
46205067	0.444676	0.390637	2
149075605	0.467376	0.447254	2
232420456	0.4694	0.40838	2
89552709	0.939698	0.335616	4
5693062	-0.0	0.583006	1
16181186	0.264128	0.196492	2
227818834	1.36703	0.440499	5
114685387	-0.0	0.636707	1
15113529	0.343899	0.323514	2
651543	1.34936	0.375114	36
18183164	0.478758	0.295005	2
104346439	0.312721	0.225188	2
29708582	0.413081	0.372306	2
16278276	0.648328	0.281267	6
18327007	0.461948	0.447861	2
18629665	2.91518	0.514414	10
7018942	0.573812	0.520765	2
28564127	0.423306	0.385074	2
59355478	0.413081	0.389313	2
24483516	2.68279	0.760913	7
102627173	0.453025	0.344966	2
48726854	0.416019	0.386007	2
18873213	0.488631	0.478283	2
55391997	0.333959	0.303195	2
19404944	0.450255	0.415067	2
37222477	0.467376	0.424205	2
226207535	2.5274	0.444137	12
237197733	0.953824	0.423418	4
118910013	0.450255	0.380847	2
211185030	0.648539	0.635201	2
91488968	2.20556	0.270675	192
15043499	0.371232	0.313948	2
22878414	0.390598	0.35706	2
12536272	3.95404	0.513814	211
14366637	0.970185	0.521404	3
23757784	1.1313	0.488867	5
62584936	0.336459	0.208712	2
165814490	0.42403	0.38402	2
118154517	2.96253	0.136815	30
53288855	-0.0	0.63005	1
137795640	0.408648	0.27581	2
133429465	0.439754	0.385861	2
113831847	0.216185	0.196469	2
68601138	0.37905	0.312451	2
84988534	0.382923	0.314437	2
13451802	1.60393	0.600481	5
17579692	0.292506	0.243077	2
42468157	0.269728	0.146385	2
18356346	0.587813	0.582545	2
17522884	4.95088	0.533732	208
237729743	0.60471	0.467727	2
13785352	0.377494	0.359554	2
19023804	0.747197	0.745165	2
15299357	1.35673	0.489869	5
221070728	0.197453	0.165038	2
14053295	0.319598	0.28487	2
33778988	0.554797	0.55026	2
11580962	4.31062	0.431931	131
165826885	0.370445	0.323714	2
78792100	0.491887	0.46027	2
6219652	0.49448	0.464779	2
37341338	0.55245	0.516427	2
143882311	1.65782	0.472061	38
16163790	0.517339	0.498389	2
152479960	0.211049	0.143646	2
17357018	0.388306	0.318006	2
18421171	1.09455	0.426715	25
40340319	0.228316	0.202862	2
34700428	0.340549	0.209097	3
25478329	0.40119	0.336535	2
245188974	3.09096	0.585018	30
221452291	-0.0	0.735049	1
41123794	0.499634	0.446968	2
69648081	0.900136	0.402207	4
27366229	0.43051	0.397112	2
24703871	-0.0	0.390414	1
238948489	0.604172	0.563816	2
19179815	0.333959	0.289258	2
107852752	1.51496	0.269333	97
32435460	0.597142	0.593077	2
683523	0.407906	0.378069	2
49004946	0.488631	0.437013	2
14738804	0.773163	0.596624	4
26486510	0.426197	0.360346	2
52553796	1.59542	0.297287	32
16506571	3.4095	0.368668	200
9355162	0.587259	0.552232	2
225298709	3.3953	0.275258	26
14061771	4.55927	0.515382	281
76488224	-0.0	0.568238	1
14331959	0.598229	0.57715	2
102186571	0.427638	0.391659	2
27512005	0.474789	0.374812	3
1428831	0.352874	0.280654	2
25276905	0.628871	0.611642	2
144712717	0.353683	0.323503	2
5874452	3.00125	0.4531	117
21129459	0.43834	0.334557	2
118791169	-0.0	0.689383	1
12834972	0.541771	0.525597	2
15302120	3.24	0.335244	101
20352504	1.09536	0.234881	35
9074582	0.423306	0.383107	2
21486753	0.656597	0.483954	4
48394755	0.154283	0.131528	2
16492009	3.81679	0.592714	35
154708805	2.57966	0.5034	7
185638007	0.207298	0.144497	2
252429974	0.0509885	0.0369782	2
101171750	0.706883	0.696034	2
30780296	0.24892	0.210145	2
56805668	0.501555	0.46002	2
163250088	1.92287	0.457213	51
31620237	2.71988	0.421425	12
14098332	0.479421	0.457748	2
52405458	0.591564	0.29115	3
14382508	0.628871	0.624907	2
126912691	3.64886	0.530218	34
782010	0.577203	0.559589	2
81192788	0.460583	0.426356	2
18540889	0.431226	0.416144	2
15199325	3.34675	0.405742	88
26734588	0.768065	0.395287	3
163466354	3.16569	0.24901	17
172771660	0.350439	0.273232	2
41549425	0.396672	0.368634	2
17898705	2.18208	0.293417	84
36279515	0.392883	0.348571	2
8299792	3.36054	0.274809	205
245701255	0.395916	0.293081	2
5126871	0.265065	0.241017	2
749333	0.416019	0.353221	2
56653	0.403687	0.312644	3
18414159	0.6142	0.288722	3
25762392	1.09488	0.345151	6
236242567	-0.0	0.420801	1
15555038	0.352874	0.294043	2
42670114	0.399687	0.393537	2
48181005	-0.0	0.582726	1
18478410	0.587813	0.547951	2
16087477	0.454406	0.418065	2
56458700	-0.0	0.541461	1
137786520	-0.0	0.410482	1
96387764	-0.0	0.537233	1
7929742	3.23069	0.316094	232
16201819	4.913	0.56243	107
152887479	0.513588	0.437177	2
18152057	0.355299	0.293752	2
10334122	0.403436	0.37625	2
99740489	0.417896	0.346722	2
14326003	0.468128	0.305719	3
161700842	0.34472	0.30932	2
17542395	2.17152	0.498273	24
142977623	3.32612	0.583921	15
26747105	4.52867	0.579409	86
19153333	0.391361	0.30327	2
9131582	2.51594	0.437981	52
182899207	0.480083	0.3944	2
271083347	0.395159	0.285156	2
39825031	0.573812	0.551363	2
27095215	0.23724	0.200827	2
213310819	0.289819	0.202801	2
28873178	0.5704	0.549178	2
5798602	0.507918	0.492236	2
69605342	0.463309	0.442643	2
167613805	5.14019	0.292227	112
198728250	5.05703	0.30072	103
28018672	0.54495	0.457464	3
22736954	1.05808	0.332028	14
59857359	0.812571	0.42727	3
45190383	2.87586	0.49275	13
41883924	1.58812	0.346578	4
16010789	2.35013	0.500611	36
76373	0.555967	0.538371	2
19831538	3.34331	0.616142	13
142169165	0.401305	0.269144	3
16050292	0.418214	0.364401	2
17415305	0.276195	0.244012	2
157645081	1.104	0.420725	4
35656602	0.511074	0.494533	2
25197341	0.52354	0.512914	2
93657366	1.03553	0.40946	10
197178807	3.31702	0.453035	17
9015512	0.495773	0.46208	2
5051171	0.584484	0.553781	2
98580028	0.372018	0.316395	2
15066876	0.4847	0.45735	2
17610796	0.509182	0.469305	2
29862576	-0.0	0.476402	1
12350902	0.459216	0.448201	2
180703009	-0.0	0.535715	1
28609576	0.2835	0.184606	2
18795950	0.293399	0.163105	2
201531255	3.03335	0.571053	12
18254895	0.560624	0.547677	2
64365916	0.504539	0.307804	5
146237367	0.454406	0.397808	2
17005197	-0.0	0.615691	1
201582573	0.278945	0.247728	2
134389056	-0.0	0.429513	1
1807651	0.526617	0.453767	2
37687528	0.264128	0.101428	2
14848221	0.554211	0.519877	2
37920064	-0.0	0.410482	1
15229127	0.400439	0.395592	2
87820847	0.370445	0.357162	2
123905824	0.478094	0.454161	2
32992448	0.338949	0.286446	2
180084261	0.515466	0.44164	2
30672736	0.838168	0.392723	4
100426508	-0.0	0.56795	1
65853632	0.332287	0.244286	2
17961246	0.251518	0.140727	3
69604327	0.423306	0.380496	2
17071737	0.493185	0.448452	2
111435350	-0.0	0.572251	1
119480392	2.90857	0.459039	88
829771	0.548912	0.508224	2
69366493	0.888399	0.441176	3
63283271	0.451642	0.422929	2
177430378	0.362519	0.346271	2
116369099	1.08141	0.272613	21
188876890	0.12553	0.0867459	2
17945843	1.16442	0.495922	11
17315836	1.02485	0.372669	4
20905953	0.553625	0.504026	2
127810704	0.449786	0.14987	3
23335196	0.328928	0.251059	2
65584054	0.608455	0.603641	2
17343124	0.4847	0.450746	2
95646719	1.03328	0.482398	4
15237935	0.43834	0.365464	2
136004374	0.268799	0.222691	2
203893499	3.85741	0.555239	29
46541067	0.42403	0.414665	2
64624131	0.448864	0.415772	2
23103362	0.427638	0.390304	2
84623393	0.394401	0.304055	2
33221756	0.80994	0.328621	5
17644563	1.53863	0.207681	137
217622434	3.03645	0.533607	41
109604578	0.403436	0.393038	2
99356759	0.450948	0.406449	2
35523686	2.72519	0.404991	54
32718488	0.395916	0.363953	2
17972230	0.581694	0.579919	2
90932230	0.441164	0.375326	2
78564080	0.383695	0.35159	2
14576426	0.543564	0.499637	2
18179554	0.387539	0.346035	2
5385262	2.62984	0.246215	102
74613440	2.99879	0.521423	115
174165638	0.407163	0.335881	2
36204399	2.43465	0.28637	23
3041201	0.878707	0.397923	5
161340812	0.383695	0.342974	2
120646679	2.83294	0.32464	18
84045446	-0.0	0.582726	1
134761691	0.404183	0.390573	2
57888537	0.443975	0.426093	2
34012344	1.47561	0.336806	9
14911286	0.35932	0.337836	2
196287255	3.13074	0.350812	40
250742408	4.47158	0.460006	119
20545925	0.418878	0.251371	3
239271745	-0.0	0.460814	1
101253269	0.557718	0.545126	2
7614052	0.460583	0.451055	2
17896640	0.610585	0.602923	2
63292317	-0.0	0.555579	1
55995317	2.14502	0.333839	73
16089513	0.517962	0.481834	2
45433486	0.380602	0.280379	2
237783314	0.333123	0.297969	2
26590781	0.530289	0.514504	2
22539801	0.528456	0.508813	2
21770568	1.41929	0.500839	6
7205122	-0.0	0.547451	1
60578598	2.56819	0.455153	102
18628769	1.62083	0.198433	129
10284332	0.920989	0.392536	4
46668984	0.627842	0.619871	2
14105540	0.439754	0.436972	2
17037986	0.459216	0.442029	2
231496926	2.32418	0.367865	15
28562298	0.375153	0.265082	2
15228091	1.90522	0.358554	44
18988817	-0.0	0.517515	1
53000535	0.352063	0.318031	2
106831967	0.227315	0.161016	2
81052999	0.504745	0.494048	2
70422863	1.60278	0.29202	66
14056454	0.395916	0.376558	2
20289960	0.4667	0.404933	2
119178303	5.10548	0.548803	181
129319803	0.455096	0.410795	2
231998027	0.43051	0.407366	2
18774686	1.818	0.333177	63
38570998	0.338507	0.291539	2
98182662	0.533332	0.499906	2
129915741	0.525388	0.454671	2
38851140	0.385235	0.354749	2
19241200	0.555382	0.503449	2
9561522	0.40119	0.373855	2
77283686	0.322156	0.285252	2
189116097	1.97876	0.245735	101
40822836	1.16279	0.413798	10
3395021	0.352063	0.297949	2
137531481	0.227315	0.143166	2
193689467	2.14891	0.219141	136
76498257	0.408648	0.379386	2
14938248	0.492537	0.472841	2
14553055	0.485357	0.461523	2
13107602	0.384466	0.33158	2
114628210	0.436214	0.419068	2
15898695	0.374371	0.3131	2
14216821	0.522305	0.496433	2
171303103	1.71771	0.337903	52
72404375	1.11029	0.32049	15
11299932	3.06298	0.537777	23
88822659	0.251802	0.143132	2
9676152	3.65703	0.384945	42
17424617	0.24699	0.174937	2
185152562	0.439047	0.369127	2
13342982	1.96208	0.387031	49
195742848	0.505381	0.487334	2
39986906	0.58337	0.577786	2
18994034	0.502833	0.468713	2
164391207	0.317028	0.281856	2
17935861	0.58504	0.545022	2
6065942	0.396672	0.347022	2
154776946	0.302259	0.227786	2
24661757	0.410868	0.327028	2
38610291	0.50665	0.46671	2
182562771	0.441868	0.397769	2
18161157	0.444676	0.402241	2
83719783	0.443273	0.413408	2
165320996	0.331449	0.267149	2
22050760	0.155757	0.0863342	4
35536649	0.540573	0.537645	2
9654112	0.629897	0.621672	2
14160471	0.34126	0.256884	3
36944780	0.455096	0.420162	2
50718249	0.597142	0.592676	2
12421062	-0.0	0.540256	1
150872447	1.76688	0.243908	130
36906540	0.16573	0.140251	2
163791241	0.387539	0.357784	2
73683746	0.489935	0.48388	2
40701143	0.394401	0.353713	2
6811802	0.384466	0.376175	2
88321965	1.20781	0.513753	5
67353081	0.302259	0.272403	2
94831581	3.37346	0.273512	138
14133436	0.439047	0.421349	2
147342909	2.48504	0.422957	85
22254576	0.40642	0.396258	2
18497497	3.18774	0.496978	47
52504599	0.458531	0.429322	2
20996839	0.521055	0.437886	3
43466527	-0.0	0.573983	1
51678226	0.235269	0.154897	2
157618219	0.233292	0.105828	2
79543	0.626812	0.619459	2
156985004	0.396397	0.294255	3
256060579	0.419156	0.264761	3
211618152	0.400439	0.318831	2
26773692	0.413212	0.277865	3
183499665	0.17534	0.117645	2
234001935	0.383695	0.32391	2
94358525	0.568732	0.436524	4
95993756	0.959411	0.238775	34
36522491	0.465346	0.424134	2
100281735	0.247956	0.21601	2
4388251	0.417483	0.37609	2
62625917	0.497706	0.483772	2
24603879	0.435504	0.406603	2
14638851	0.4667	0.414617	2
121271356	0.480745	0.461776	2
237823964	0.415286	0.368522	2
16813361	0.549503	0.54674	2
8596022	0.521686	0.497012	2
82328753	-0.0	0.53022	1
20276964	-0.0	0.283727	1
24561424	0.399938	0.339332	2
91836238	0.504108	0.494481	2
19886908	3.80502	0.331857	76
14786110	0.394401	0.359713	2
15450996	2.85761	0.55343	28
197545732	0.231307	0.174249	2
254629570	0.353683	0.296277	2
17284883	0.308384	0.251745	2
254639896	0.395916	0.324959	2
110975167	-0.0	0.562456	1
49546030	0.397427	0.361291	2
118278304	1.58444	0.448581	23
13047322	0.42403	0.394584	2
180390958	0.404183	0.380568	2
43573375	0.756428	0.320185	4
17116782	3.46255	0.355742	17
130665774	0.304891	0.286416	2
24654508	0.319598	0.288289	2
15524112	0.333123	0.255254	2
162026211	0.412344	0.393517	2
17025083	0.203772	0.169892	2
46019128	0.450255	0.417661	2
73935697	0.572108	0.52909	2
14796279	0.386004	0.364102	2
11991832	0.52354	0.483833	2
46787681	-0.0	0.523048	1
212950155	0.370445	0.353145	2
198911524	3.59773	0.285252	168
87658967	3.63844	0.467255	77
241798265	0.278875	0.193626	3
42055361	0.299615	0.267567	2
28391808	0.379827	0.369571	2
94397566	0.325552	0.301949	2
60843560	0.38215	0.342654	2
6271842	0.482726	0.455291	2
25191558	0.308384	0.249266	2
29125475	2.66367	0.333185	160
18107886	0.43051	0.403762	2
1797291	0.440459	0.406682	2
222555703	0.836033	0.435722	3
18997715	1.39498	0.467929	6
95142106	1.86185	0.151823	48
155860622	0.204998	0.113945	2
57133313	0.915181	0.389618	4
17155995	3.06047	0.241412	78
15123270	0.483385	0.447402	2
16107785	1.63808	0.366396	44
108801441	0.593867	0.570966	2
229255063	0.425079	0.181841	4
15940736	3.39175	0.264825	57
20610029	0.391361	0.318095	2
152132388	0.218226	0.151272	2
24741411	0.385235	0.321576	2
130682467	4.81065	0.55374	130
25316788	0.364112	0.349206	2
38003948	0.351679	0.28976	3
215683551	0.111641	0.0971589	2
23225823	0.24116	0.217034	2
223704520	0.776124	0.345928	4
60775372	1.54754	0.208528	114
67771977	0.403436	0.391641	2
21695613	-0.0	0.478741	1
2384071	0.544865	0.509659	2
28784606	0.431941	0.399474	2
19297904	0.451642	0.42064	2
21229200	0.303138	0.279985	2
164386441	0.118016	0.0976524	2
9405862	0.555382	0.523062	2
15412816	3.27321	0.303109	198
84623487	0.60955	0.479849	4
35402203	0.448864	0.438976	2
21945140	0.194264	0.186029	2
224770553	3.15886	0.548073	12
114924096	0.510444	0.448401	2
72826714	0.334793	0.285167	2
16694698	0.555382	0.536524	2
14391111	-0.0	0.471699	1
17740210	2.43801	0.484367	60
15811608	0.56384	0.414691	4
181484486	0.368078	0.344405	2
5449422	0.505381	0.478411	2
18208795	0.266935	0.227131	2
198251048	0.452334	0.420258	2
111143746	0.411607	0.379079	2
51173333	0.416019	0.398393	2
24113	0.597429	0.311018	3
44769565	1.81972	0.251696	133
19590747	0.434793	0.403501	2
32914493	3.65346	0.554947	59
177931290	0.466023	0.399568	2
8539242	0.255623	0.241537	2
44234494	-0.0	0.630822	1
34686024	0.398182	0.346761	2
26211291	0.203772	0.185566	2
25065717	2.79901	0.534439	22
22840652	0.264128	0.238434	2
19685572	0.531901	0.436754	3
14937173	0.356911	0.339041	2
93800894	0.416752	0.4102	2
96933119	0.40493	0.246192	2
132975929	0.491639	0.32202	4
113078948	1.79197	0.38619	45
14298819	0.381377	0.342179	2
18260081	-0.0	0.629276	1
18621945	0.468726	0.426491	2
242717979	-0.0	0.5522	1
23656128	0.238223	0.202153	2
809873	0.492537	0.485887	2
14513049	-0.0	0.602574	1
88265548	-0.0	0.567086	1
14319523	0.52354	0.513261	2
241808450	0.620802	0.31079	3
17168493	0.411607	0.381669	2
22938618	0.450255	0.429274	2
128996296	0.465346	0.432144	2
16248619	0.532117	0.502376	2
7885972	0.373588	0.359017	2
19916228	0.464668	0.45551	2
19109017	2.50895	0.306151	68
27742111	0.4667	0.438418	2
15560096	0.506016	0.48992	2
15687170	3.99157	0.440373	57
148891227	0.334793	0.303728	2
19090407	0.397427	0.373993	2
65772367	0.412344	0.385415	2
25151753	0.307513	0.240933	2
174030990	0.815065	0.378015	4
75711686	0.944835	0.151906	4
16106525	1.13769	0.451235	14
155668326	0.741804	0.380213	3
21781176	0.445376	0.404068	2
47712248	0.481406	0.466987	2
14343949	0.373588	0.35594	2
62762038	0.509813	0.462897	2
74887389	2.87768	0.325321	138
16353944	-0.0	0.455993	1
19494371	-0.0	0.55603	1
6655632	0.384466	0.361694	2
39323281	0.369657	0.359283	2
74586267	0.307513	0.263012	2
25737016	-0.0	0.424198	1
99536748	0.341429	0.243697	2
14251373	0.450255	0.437348	2
38166647	-0.0	0.467979	1
191985394	0.202724	0.0877022	2
1315431	0.499959	0.366128	3
144311568	0.389835	0.332513	2
6114252	0.497706	0.477795	2
3297651	1.23666	0.491959	13
14111182	0.442571	0.401918	2
116756735	0.323007	0.251826	2
104493815	0.568115	0.492197	2
189892222	0.479421	0.431592	2
17911598	0.572147	0.499704	3
181233139	0.425476	0.390503	2
233078106	0.472758	0.456474	2
11426	0.535755	0.505678	2
29974211	0.383695	0.325588	2
220685156	1.99852	0.261583	150
48320268	0.207943	0.168739	2
62509229	0.43834	0.425546	2
61897213	-0.0	0.562747	1
177699866	0.489283	0.422175	2
70478756	0.459216	0.453621	2
19747277	0.2835	0.27472	2
15117717	0.292506	0.255698	2
14883514	0.462629	0.444052	2
15565703	1.91432	0.5722	20
182056988	0.340603	0.308197	2
44446489	0.316169	0.300206	2
31100040	0.353683	0.32067	2
2941831	0.40642	0.382803	2
113979106	0.413817	0.332648	2
225924284	-0.0	0.387402	1
3954581	0.445376	0.420499	2
18345963	0.538771	0.513262	2
23998156	0.797994	0.37399	4
15905565	0.440459	0.428517	2
200655127	4.7633	0.457372	118
15699754	0.455096	0.438483	2
59833587	0.432655	0.384423	2
21690351	0.229315	0.209081	2
13000872	-0.0	0.503899	1
216597944	0.507824	0.296113	7
8866232	0.460583	0.437484	2
19461688	0.466023	0.452095	2
18728945	1.91801	0.398055	12
34343816	1.44651	0.487515	10
15852054	0.363316	0.335434	2
31030273	0.439047	0.406964	2
16630083	0.376715	0.328273	2
231488894	0.215162	0.114099	2
17413777	3.6967	0.284985	81
31070910	0.331449	0.319552	2
13420562	-0.0	0.360408	1
34316788	0.81416	0.286424	8
22660603	-0.0	0.319935	1
12304722	0.44956	0.231219	2
15575441	-0.0	0.520638	1
21230617	0.403436	0.39037	2
91894424	0.262248	0.197394	2
18526308	0.464668	0.417246	2
11594432	0.301379	0.273408	2
109841442	2.21949	0.254583	45
237996239	0.575427	0.231815	4
36730935	0.333123	0.28551	2
62964460	-0.0	0.237174	1
227228008	0.349625	0.318504	2
14715516	2.13089	0.294309	167
15131428	0.387539	0.373987	2
60449169	0.605246	0.600281	2
36568789	0.301379	0.241479	2
52162223	0.407163	0.352105	2
122757815	0.476764	0.438979	2
96880903	0.157748	0.125381	2
226818395	0.193196	0.177251	2
98078133	0.888725	0.373638	5
167570736	0.277113	0.19503	2
102847829	0.40493	0.384954	2
19703385	1.05014	0.39151	9
989	0.496418	0.488879	2
17451031	-0.0	0.561875	1
1252191	0.367287	0.348692	2
105088163	0.316169	0.261041	2
21429357	4.57321	0.385107	121
11884342	3.31538	0.347363	174
90767831	0.37905	0.355988	2
65363711	-0.0	0.500689	1
20414217	0.404212	0.308193	3
119230913	0.457159	0.432879	2
19049204	0.461948	0.412123	2
14508983	-0.0	0.474727	1
88112117	0.250139	0.168417	2
49216076	0.385235	0.365373	2
6303832	0.328928	0.306875	2
80043372	-0.0	0.380427	1
103116624	1.94502	0.286186	13
28448216	3.63511	0.489149	173
68036460	0.270657	0.239957	2
11567972	0.618497	0.594285	2
19560605	0.362519	0.338087	2
30929500	-0.0	0.42807	1
234318173	0.360122	0.349148	2
83370426	0.465346	0.453393	2
58010516	0.463989	0.450785	2
36813285	0.522019	0.251088	3
5916122	0.463309	0.44248	2
162234728	0.443975	0.408216	2
15803220	0.507284	0.497405	2
3840	0.434081	0.413721	2
104840160	0.439754	0.428539	2
18867266	0.4667	0.441752	2
11698322	0.519206	0.488437	2
61751708	0.320452	0.294991	2
18514207	0.355299	0.324127	2
95522978	0.363978	0.349786	2
147700530	0.221273	0.175486	2
109370698	0.324016	0.209206	3
94919897	-0.0	0.402254	1
210785308	-0.0	0.506774	1
206322915	1.68009	0.370776	5
27283	0.658795	0.16797	17
47914845	-0.0	0.516575	1
25393674	0.421855	0.40995	2
15924411	0.311856	0.266475	2
52117188	0.383695	0.376125	2
26739128	-0.0	0.509318	1
190915626	-0.0	0.383149	1
222189121	0.343899	0.293278	2
7746052	-0.0	0.456684	1
100573490	0.395916	0.323951	2
237434201	0.336786	0.26118	2
23844792	0.251802	0.229758	2
78000325	0.350439	0.302344	2
11413172	0.378273	0.294241	2
40096276	0.25467	0.207667	2
14837928	0.599776	0.48532	3
5606492	0.401939	0.356345	2
46666938	0.328928	0.290797	2
220502693	1.10478	0.176811	36
49011247	0.164598	0.143076	2
71967936	0.264128	0.202897	2
756083	0.463989	0.461589	2
14350762	1.83367	0.379635	59
271127683	0.307513	0.293256	2
60932062	0.202724	0.173554	2
191486542	0.429793	0.379519	2
18557448	0.457846	0.443729	2
19826509	-0.0	0.536322	1
93730653	2.47469	0.413557	87
788673	0.505381	0.490753	2
36230769	0.279859	0.23169	2
138322735	0.299615	0.275911	2
9574902	0.282592	0.264108	2
113184261	1.18955	0.3481	21
42108592	0.263189	0.214008	2
90938377	-0.0	0.500045	1
171719023	1.47421	0.53771	12
14944471	2.71568	0.303729	194
159329042	-0.0	0.518453	1
91418281	1.30672	0.44862	6
42957361	0.408648	0.364379	2
23866339	0.400439	0.37657	2
19065686	0.272509	0.250587	2
112558885	-0.0	0.241115	1
16049723	0.558796	0.433283	3
183146283	-0.0	0.363635	1
166698317	0.2323	0.224148	2
15013580	0.390598	0.381138	2
17928145	0.486013	0.473655	2
30340990	0.371232	0.358674	2
15843240	0.23724	0.180286	2
106601959	0.24699	0.224871	2
13728412	-0.0	0.524056	1
116690967	0.118016	0.0385029	2
231476876	-0.0	0.263256	1
16275014	0.401939	0.386064	2
15233366	0.4847	0.4725	2
29767444	0.533393	0.344476	4
19477654	2.44992	0.33086	7
20173675	0.290716	0.183676	2
16494284	0.477429	0.460379	2
22201568	0.410129	0.406459	2
14685183	0.49448	0.48439	2
1053301	-0.0	0.412337	1
414853	0.372018	0.351226	2
15522756	0.509182	0.493195	2
101014503	0.417522	0.0947101	3
20770172	-0.0	0.450785	1
16812732	4.38612	0.34669	141
30324031	0.335627	0.304793	2
28733900	-0.0	0.392392	1
261765367	0.397427	0.37463	2
58866657	0.323007	0.294005	2
53084125	-0.0	0.502938	1
13767702	0.377494	0.342607	2
29719777	2.85288	0.381727	141
20280033	0.311856	0.260057	2
18840983	2.77014	0.535725	51
84958944	3.80894	0.399783	97
6120472	2.55873	0.299056	79
50387743	0.383695	0.347425	2
209150087	0.298004	0.105639	3
153119220	0.35932	0.33488	2
19884721	0.343077	0.246727	2
136952493	-0.0	0.415294	1
127568130	1.65547	0.179541	25
31163497	1.68235	0.441371	6
15041902	0.403436	0.38	2
243494256	0.313585	0.2757	2
17240550	0.372804	0.362309	2
18134756	0.266935	0.239073	2
51028602	0.414552	0.397426	2
6389222	2.22872	0.388702	80
141243524	0.167986	0.13129	2
24425906	0.408354	0.314138	3
227124242	-0.0	0.541762	1
17461963	0.269728	0.237384	2
17767500	3.51271	0.412599	36
19881288	0.188904	0.160034	2
57486140	0.153123	0.132105	2
21513512	0.622215	0.250196	4
14332565	0.441868	0.406652	2
93151373	-0.0	0.438464	1
29732504	1.68342	0.132818	149
795448	1.40372	0.387414	26
122895180	0.671274	0.337914	3
41238441	2.30733	0.400515	47
58537607	0.410129	0.363246	2
15076776	0.327242	0.316653	2
13457562	2.49405	0.181859	101
13693042	3.6463	0.33757	237
14084098	0.38215	0.365097	2
755452	0.436924	0.41777	2
112882584	-0.0	0.504219	1
15426896	0.414552	0.372838	2
15393033	1.02138	0.307138	18
79873303	0.301379	0.263952	2
27292941	-0.0	0.497138	1
9147742	2.99741	0.327682	113
67321398	-0.0	0.506774	1
10952962	0.4847	0.46137	2
224809136	0.273433	0.255063	2
153483319	-0.0	0.460814	1
15878020	-0.0	0.459043	1
21318903	-0.0	0.526529	1
125478633	0.458531	0.411865	2
60802792	0.333959	0.287504	2
9853212	0.787533	0.386792	3
16388972	0.203772	0.170965	2
84927631	0.401939	0.384448	2
18635626	0.390598	0.373933	2
140060120	1.52145	0.501117	10
815233	0.44956	0.422419	2
14134608	0.462629	0.415126	2
114950933	0.322156	0.294842	2
237650161	0.336889	0.328608	2
14139584	0.520414	0.373416	5
2226621	1.56154	0.331066	49
15635812	0.520447	0.502314	2
22150874	0.417483	0.41204	2
14850719	0.321305	0.267481	2
213129687	0.244083	0.234947	2
17387554	-0.0	0.365445	1
33369174	0.428357	0.371913	2
23963107	2.00468	0.248127	116
147756403	0.24311	0.225705	2
22611722	0.368078	0.351184	2
48504894	0.33812	0.322169	2
14115587	0.492537	0.486614	2
112237055	-0.0	0.439529	1
126492276	0.426197	0.418391	2
90342052	0.18566	0.135015	2
16612857	0.457159	0.426325	2
188202145	3.30328	0.353224	15
21329702	-0.0	0.401878	1
262374583	0.124287	0.0820642	2
28623830	0.412344	0.388445	2
55617759	-0.0	0.464554	1
155205940	0.218226	0.159314	2
267519951	-0.0	0.409404	1
9485202	0.342253	0.259066	2
57102394	0.761236	0.160261	25
16191771	-0.0	0.505817	1
50485817	1.7604	0.318546	25
18216761	0.429076	0.412535	2
115242946	0.474764	0.46678	2
123971807	0.202724	0.176222	2
17021619	0.489935	0.477839	2
833071	0.338949	0.315811	2
11896822	0.161186	0.13781	2
176996195	0.138951	0.0856125	2
26197118	0.368078	0.316036	2
21275406	0.267867	0.261471	2
700593	0.368078	0.353746	2
86092304	0.655529	0.328728	3
52233562	0.302259	0.253529	2
181255875	0.289819	0.26081	2
162140481	0.219244	0.183656	2
221209416	3.55745	0.369451	30
17380976	-0.0	0.393537	1
132553078	0.230312	0.153374	2
14089271	0.427638	0.414569	2
15809601	-0.0	0.392009	1
152189675	0.219244	0.201169	2
142313915	0.466595	0.0690992	42
82821085	0.269728	0.20244	2
53411390	0.37905	0.349022	2
17464581	0.363316	0.344946	2
16000947	0.480083	0.466139	2
167429895	0.333123	0.266753	2
103157143	0.436214	0.418412	2
43637692	1.93645	0.307744	73
175938534	0.261307	0.244985	2
94607882	0.305766	0.222693	2
14888362	0.746275	0.392744	3
15342518	-0.0	0.587475	1
18547882	0.410129	0.401045	2
15729205	0.359884	0.264736	3
57505932	0.387539	0.367616	2
24791281	-0.0	0.532363	1
16016852	0.407163	0.394194	2
9590262	0.291612	0.277774	2
11433472	0.385235	0.363879	2
14219103	0.398182	0.37158	2
38260779	0.470073	0.463124	2
22353594	0.314448	0.282711	2
85921707	-0.0	0.170914	1
147314264	0.420401	0.327871	2
122540204	-0.0	0.450436	1
14388689	0.33061	0.28097	2
249425665	0.511703	0.50334	2
41211760	0.408648	0.394448	2
34904126	0.310122	0.258726	2
82390302	0.334793	0.30302	2
62926597	0.343899	0.333646	2
204090866	-0.0	0.469673	1
243662422	0.372804	0.345015	2
80979157	0.431941	0.427968	2
59338505	0.339777	0.30741	2
207822237	0.398935	0.38396	2
8156622	0.211049	0.191243	2
62913830	0.393289	0.174266	3
7853592	0.353683	0.326344	2
40458803	0.416019	0.372563	2
243259943	0.448864	0.430569	2
44497235	0.436924	0.417219	2
54475659	0.426918	0.374936	2
245776950	1.65325	0.192428	32
53280402	0.40642	0.379871	2
11892722	0.448168	0.431199	2
160097143	-0.0	0.153742	1
17576667	0.210015	0.191148	2
53175809	0.303138	0.278865	2
78300990	0.296071	0.264649	2
4182751	0.352063	0.317794	2
245865407	0.277113	0.18476	2
179019278	0.323856	0.301856	2
15868433	0.40119	0.339621	2
12095912	0.339777	0.318365	2
14831123	0.388306	0.377953	2
18689581	1.90912	0.497942	8
43500507	-0.0	0.44799	1
10691752	0.43834	0.420538	2
16797961	0.409389	0.398931	2
18000311	0.361721	0.347927	2
66546770	1.25679	0.339522	4
18300176	0.33812	0.326164	2
63875612	0.350439	0.286128	2
148478556	0.38215	0.362502	2
165200431	1.32912	0.0599554	4
23126646	0.408648	0.405135	2
35812968	1.69828	0.244421	142
19498445	0.363316	0.314698	2
231242334	0.395159	0.326317	2
97772622	-0.0	0.290918	1
78315807	0.354491	0.295548	2
149436776	0.289819	0.26081	2
14264410	0.372804	0.360403	2
145755847	0.412344	0.344498	2
64420206	0.401939	0.361571	2
88498786	0.414552	0.355299	2
178275485	0.32977	0.283011	2
129250534	0.270657	0.224191	2
65739259	0.287119	0.2488	2
18089164	1.47396	0.337909	25
81618873	3.57631	0.528759	52
17130461	-0.0	0.508683	1
9048222	0.323007	0.302326	2
16496431	-0.0	0.285489	1
123437271	0.410129	0.373164	2
24411254	0.253716	0.226912	2
54370980	0.354491	0.34624	2
19047089	0.296959	0.258321	2
16162490	0.364907	0.347353	2
14802885	0.325552	0.273444	2
678033	0.32977	0.315901	2
15109462	2.15618	0.391511	18
129899561	2.8235	0.267814	125
9686792	0.395159	0.366275	2
14061723	0.439754	0.431949	2
83006046	0.401939	0.330987	2
19920360	0.354491	0.341201	2
26589876	0.434895	0.336958	4
19138755	-0.0	0.497785	1
124866595	0.367287	0.320831	2
21653513	0.267867	0.19372	2
173523874	0.189653	0.124811	2
11848	0.285312	0.210215	2
97289556	0.424753	0.389954	2
14443616	0.314448	0.286994	2
17165458	-0.0	0.468996	1
16120265	0.351251	0.32165	2
113188860	0.511385	0.235303	3
16954719	1.80057	0.52564	7
105235681	0.292506	0.246188	2
132681279	0.42403	0.408061	2
76133	0.694166	0.355118	3
11069462	-0.0	0.540859	1
56994938	0.311856	0.286278	2
175018925	0.484043	0.477042	2
20778703	0.572971	0.27808	3
120707178	0.147273	0.0902889	2
54570415	0.141345	0.117367	2
98714095	0.392883	0.373693	2
11470032	0.314448	0.283993	2
35846393	0.421855	0.395753	2
1300981	0.387539	0.341319	2
202048047	0.325552	0.282093	2
36407795	0.362396	0.315954	3
93176964	-0.0	0.464236	1
10396	0.480083	0.469304	2
114767953	3.13258	0.32912	140
38894977	0.343077	0.307737	2
33606835	0.509182	0.494822	2
172592448	-0.0	0.426985	1
18857778	3.19578	0.455553	55
19683498	0.399687	0.380723	2
23166597	0.378273	0.350721	2
18171406	0.390598	0.364183	2
76638992	0.328928	0.299956	2
15223619	0.542967	0.53651	2
10355872	-0.0	0.363847	1
18557253	2.51935	0.40445	47
2564981	-0.0	0.371006	1
55436408	0.31099	0.284086	2
180481402	0.260363	0.22657	2
15230754	0.262248	0.254133	2
46860582	0.311856	0.285751	2
96779857	0.419921	0.199952	4
14927814	-0.0	0.185309	1
19165946	0.413081	0.397831	2
145408456	0.301379	0.224753	2
16235927	0.274355	0.24842	2
16033434	0.367287	0.35803	2
35267268	0.381377	0.370483	2
50002300	-0.0	0.213947	1
21018559	-0.0	0.463867	1
5025251	0.349625	0.330028	2
18932935	0.441164	0.419604	2
169443688	0.743592	0.0995133	52
75347004	0.18998	0.169818	2
15274752	0.258472	0.239601	2
168732254	-0.0	0.0472017	1
167700350	0.201674	0.134008	2
74625574	2.66733	0.438577	85
42521789	0.296959	0.258256	2
51358709	0.214137	0.174894	2
87409128	-0.0	0.46287	1
135238581	0.155441	0.117388	2
96756546	0.305766	0.26098	2
93929867	-0.0	0.361041	1
38329264	0.335627	0.32372	2
117016997	0.369176	0.291763	3
625323	0.459216	0.446551	2
50985635	0.328928	0.323682	2
16275858	0.379827	0.353096	2
25092348	-0.0	0.486692	1
14431400	0.352874	0.328962	2
9431342	0.40642	0.39837	2
30194186	0.38215	0.36703	2
14727152	-0.0	0.43275	1
20497524	-0.0	0.416767	1
9413702	0.429793	0.422108	2
1203641	0.493833	0.482198	2
34915251	-0.0	0.43704	1
39791744	0.317028	0.308255	2
17448425	1.78928	0.140064	10
19533093	0.394401	0.362966	2
20609319	0.44956	0.423283	2
149729022	0.332287	0.321542	2
75289001	0.427638	0.417088	2
158508135	0.328086	0.311155	2
15842919	0.299615	0.265848	2
1148441	0.356105	0.333911	2
263437031	-0.0	0.43275	1
17375079	-0.0	0.43704	1
167030476	0.386004	0.365976	2
22992918	2.96474	0.544075	51
14452057	0.384466	0.348453	2
212855070	-0.0	0.388557	1
809092	0.389071	0.369848	2
2185	-0.0	0.392009	1
73832207	0.228316	0.182428	2
27413705	1.97384	0.394907	26
163383284	0.347877	0.236345	3
14401102	-0.0	0.447639	1
30059550	2.62971	0.478713	34
54769822	0.350439	0.324053	2
14727931	-0.0	0.443774	1
213937754	0.180206	0.161864	2
36217004	-0.0	0.402254	1
74202957	0.97414	0.175122	56
14144238	0.494941	0.3688	3
62187962	0.18566	0.158586	2
16818490	0.433614	0.285918	4
3533231	0.421129	0.412085	2
111482299	0.356911	0.304778	2
220419374	0.278945	0.263003	2
45045450	0.311856	0.271435	2
195090987	0.35932	0.344574	2
16445899	1.85015	0.404806	65
11896242	-0.0	0.473719	1
17874910	0.418214	0.398268	2
7674792	1.88185	0.324347	8
11202562	0.453716	0.427505	2
10178	0.437632	0.397813	2
9543092	0.405675	0.395904	2
12340562	0.266001	0.223776	2
18391075	0.756349	0.313729	6
30272314	3.07876	0.335466	18
14302111	0.381377	0.355494	2
75236148	0.453157	0.264276	4
17588271	-0.0	0.420069	1
14610275	0.317266	0.198478	3
28339843	0.434793	0.386272	2
168537728	0.473427	0.444105	2
57115373	0.4599	0.456366	2
69583	0.304015	0.232448	2
12322812	0.38215	0.359114	2
38615541	0.285312	0.271776	2
16912241	0.379827	0.333281	2
35074476	-0.0	0.289565	1
14763566	0.359178	0.236086	3
222128283	2.44454	0.237465	13
23721972	0.28802	0.264653	2
30008826	-0.0	0.422626	1
17794287	0.313585	0.296137	2
68744485	0.333959	0.301374	2
84014340	2.00692	0.323226	85
86770799	0.32977	0.296573	2
16506383	0.226313	0.151191	2
81020598	0.368078	0.302025	2
68696417	1.4119	0.147411	117
210024810	0.235269	0.196281	2
14820299	0.424753	0.412541	2
18885594	0.284407	0.259261	2
7396542	1.25429	0.382645	13
32266938	0.341429	0.309036	2
165914228	-0.0	0.4673	1
15447545	-0.0	0.433467	1
9286142	0.282592	0.25425	2
19961801	0.386772	0.321141	2
18038375	0.453025	0.424127	2
29040062	0.464967	0.35357	3
11922842	-0.0	0.477406	1
47312280	0.394401	0.351167	2
74026628	0.495773	0.48696	2
16799649	1.37817	0.253689	77
199503098	-0.0	0.470687	1
39241726	-0.0	0.494218	1
32584355	0.195329	0.171564	2
17878154	-0.0	0.487679	1
31582182	0.302259	0.265121	2
91943914	0.157748	0.133489	2
767715	0.400439	0.385251	2
225199394	0.158897	0.127056	2
14888632	0.368868	0.32076	2
18196308	0.304891	0.287579	2
96980395	0.431226	0.413894	2
62562782	0.399687	0.358602	2
10921672	0.298731	0.274947	2
30933895	1.47121	0.383285	43
17788582	-0.0	0.479074	1
212823696	0.332489	0.266368	3
41344854	-0.0	0.440239	1
16075836	-0.0	0.474727	1
98362525	0.284407	0.259579	2
92342722	0.655269	0.320688	3
211059236	0.425867	0.199239	3
106888707	0.339777	0.326916	2
153875670	0.33812	0.308837	2
87203168	1.56794	0.0839108	15
260620672	0.134121	0.0719539	2
211556899	0.267867	0.251078	2
170901481	0.37905	0.283271	2
24574222	0.385235	0.347994	2
106554309	0.292506	0.21413	2
104332218	0.319598	0.278097	2
228085717	-0.0	0.336037	1
20275809	0.312721	0.269209	2
259123873	-0.0	0.241115	1
17334372	0.242136	0.218842	2
182342414	0.437632	0.409316	2
8393112	0.352063	0.325226	2
14705619	0.392883	0.380034	2
113651070	0.202724	0.0616218	2
249029212	0.352874	0.346913	2
19096564	0.347994	0.337627	2
15231287	1.63642	0.408464	14
15328388	0.413081	0.398908	2
7562622	-0.0	0.414556	1
13388922	0.37413	0.362871	2
54126586	0.21208	0.189385	2
172888608	-0.0	0.438819	1
18958597	0.305766	0.281336	2
66350411	-0.0	0.410853	1
77540628	0.304015	0.262186	2
10123922	0.276195	0.258666	2
89731752	-0.0	0.458064	1
49128015	0.608288	0.132948	17
15943690	0.198512	0.153792	2
9324442	0.396859	0.276735	3
14433007	-0.0	0.308669	1
106769185	1.32885	0.322826	15
83966731	0.236256	0.209102	2
41159844	0.533939	0.525584	2
56116936	3.44911	0.327657	216
79039503	0.172253	0.0944502	2
173452455	0.176904	0.125452	2
11332	0.875123	0.190691	23
15683	0.340603	0.313539	2
9537762	0.753272	0.319458	10
71530623	0.284407	0.242573	2
28371616	0.455784	0.452232	2
18933832	0.34554	0.333455	2
15378805	0.439754	0.432027	2
18930170	0.381377	0.355124	2
15148807	0.25276	0.231485	2
241164164	-0.0	0.460814	1
156644794	0.296071	0.283324	2
25897762	0.380602	0.370011	2
61317377	0.258472	0.22788	2
18233716	0.350439	0.339885	2
153907458	0.301379	0.262984	2
236508708	0.234281	0.20089	2
15210530	0.402777	0.244789	3
227838448	0.249882	0.223292	2
156407255	0.343077	0.312159	2
86495946	0.357715	0.31835	2
223468292	0.34636	0.299205	2
20851240	0.299615	0.248622	2
211208190	0.31099	0.284157	2
27953	0.300497	0.279927	2
133778635	-0.0	0.212914	1
15323865	-0.0	0.322506	1
239113093	0.239204	0.178141	2
16951971	0.431941	0.42297	2
14054450	0.364907	0.353271	2
14855279	-0.0	0.527146	1
10221752	0.371232	0.34926	2
180463340	0.305766	0.291855	2
43636381	0.34636	0.324396	2
14300954	0.320452	0.303749	2
63796576	0.265065	0.180431	2
17368610	2.60588	0.277249	41
170777800	0.317028	0.288644	2
21889071	0.2835	0.256133	2
16358939	0.397427	0.392206	2
47736537	0.263189	0.224243	2
47110722	0.326398	0.285678	2
238819163	0.241888	0.160209	3
129730276	0.222285	0.207271	2
234696158	0.320452	0.228116	2
3460751	0.320452	0.307662	2
3452941	0.338949	0.306815	2
47156117	0.256574	0.212161	2
45450377	-0.0	0.523404	1
25512025	0.320452	0.304536	2
29518132	0.284407	0.273629	2
34983319	0.280771	0.25181	2
16814973	0.375935	0.364966	2
15064389	0.225309	0.177574	2
153586491	1.77051	0.355291	6
47938142	0.20898	0.155389	2
201656128	0.221181	0.114552	2
15488145	0.303138	0.278749	2
103106691	0.112925	0.0965235	2
29409786	0.250843	0.094537	2
58904655	0.364907	0.351082	2
232571300	0.211049	0.135424	2
7604502	0.310122	0.298019	2
181800245	2.75427	0.281518	59
9376622	0.516883	0.454362	3
94717868	0.310122	0.301181	2
14204486	-0.0	0.432391	1
11829282	0.450255	0.420866	2
24257957	-0.0	0.310416	1
102107813	0.389071	0.379617	2
157524175	0.243976	0.186221	2
14924757	0.298731	0.260572	2
16904101	0.395159	0.385551	2
16970274	0.25276	0.201606	2
107639543	0.47363	0.309015	8
98964742	0.360122	0.337064	2
138208836	-0.0	0.160113	1
10928462	-0.0	0.407876	1
150312587	0.317028	0.295821	2
33870680	-0.0	0.359431	1
18039861	0.373588	0.346813	2
200955931	0.314448	0.22678	2
194783022	-0.0	0.32336	1
119468133	0.447022	0.38694	4
127846497	0.315309	0.289604	2
5153221	0.309254	0.288258	2
16191575	-0.0	0.33184	1
16882886	0.224303	0.206301	2
243500711	0.231307	0.219105	2
128942333	0.404183	0.370583	2
23188976	0.134121	0.0955728	2
21433355	-0.0	0.328038	1
139788444	0.25276	0.22846	2
174576605	-0.0	0.32719	1
819284	0.399687	0.383667	2
92864930	-0.0	0.357818	1
17066077	0.403436	0.382659	2
12935692	-0.0	0.348459	1
254075185	-0.0	0.132836	1
15077051	0.308384	0.287839	2
19341833	-0.0	0.173157	1
198921631	0.27803	0.261849	2
14128528	0.383695	0.374369	2
18587662	0.320452	0.281426	2
20025220	0.446075	0.433429	2
128968339	0.351251	0.34423	2
15466555	0.304891	0.281926	2
8957852	0.34472	0.323678	2
94378996	2.91023	0.390365	40
17046369	-0.0	0.502938	1
56081354	-0.0	0.343106	1
24259740	0.422581	0.414268	2
42330308	0.25276	0.216162	2
210979659	0.21208	0.201054	2
131625652	-0.0	0.478073	1
84972513	0.227315	0.208285	2
16426698	0.387539	0.371699	2
69493393	1.01901	0.230917	33
150022622	0.390598	0.357656	2
616173	3.07573	0.348712	77
18072408	0.260363	0.208085	2
260305358	0.331449	0.31069	2
16888904	-0.0	0.436327	1
22076359	0.335627	0.31759	2
96316448	0.2835	0.265469	2
150956563	-0.0	0.329731	1
7006712	0.456472	0.439484	2
35974686	-0.0	0.258516	1
109596525	0.067765	0.0353562	2
17630773	-0.0	0.407502	1
15825852	-0.0	0.505498	1
17332386	0.34636	0.335528	2
15429250	0.375153	0.36808	2
65619380	0.244083	0.218866	2
116281445	0.47724	0.221842	3
17246888	-0.0	0.332682	1
37549379	0.829152	0.288763	7
15768141	0.393643	0.380357	2
35476723	0.342253	0.320494	2
68480226	0.156596	0.137839	2
819522	0.357715	0.319116	2
38541154	0.250843	0.241603	2
81702106	-0.0	0.411966	1
41660436	-0.0	0.398858	1
251744064	0.265065	0.24585	2
130269029	-0.0	0.408994	1
139024456	0.358518	0.322373	2
26719898	0.34636	0.3094	2
18105493	0.222285	0.207918	2
16520112	-0.0	0.377694	1
13062502	-0.0	0.316059	1
110821538	-0.0	0.379648	1
15765586	-0.0	0.408994	1
63646347	0.27321	0.179372	3
14313749	-0.0	0.30604	1
19597166	-0.0	0.345678	1
17737138	0.460583	0.4534	2
8435452	3.29033	0.428932	52
99320433	-0.0	0.253255	1
17326645	0.387539	0.382659	2
19195914	2.01958	0.366736	13
14118653	0.354491	0.326838	2
51466642	0.316169	0.2862	2
196743148	0.360922	0.33259	2
806204	0.235269	0.198348	2
257109619	0.205862	0.183504	2
87712519	0.368078	0.339461	2
10226672	0.398436	0.308567	3
28006501	0.398935	0.390737	2
23130098	0.412344	0.380073	2
83974975	0.30664	0.279	2
29695131	0.290716	0.249155	2
30462898	0.395159	0.376718	2
29827578	-0.0	0.441301	1
94229358	1.29679	0.223073	84
23145109	0.382923	0.34276	2
16745770	0.372018	0.356913	2
62783	0.347994	0.329982	2
50408030	0.380602	0.353248	2
16222574	-0.0	0.407502	1
13654112	0.34881	0.339887	2
15368554	1.64954	0.375057	36
22876951	0.335971	0.294909	2
18369254	0.302259	0.279892	2
12781762	0.417483	0.413001	2
14315246	0.418214	0.400039	2
41929517	0.281682	0.256078	2
14270757	2.46458	0.229323	102
25159698	0.332287	0.309672	2
20632381	0.323007	0.303013	2
79342899	2.12178	0.267186	127
124970465	-0.0	0.315194	1
236323434	0.0931713	0.0785636	2
73532402	-0.0	0.256131	1
78212056	0.263189	0.220159	2
262261836	0.305766	0.283456	2
157767014	-0.0	0.180925	1
18201948	0.446075	0.440221	2
6609072	-0.0	0.319076	1
1637181	0.356105	0.329858	2
14095473	0.27803	0.270718	2
235538483	0.219244	0.202105	2
44320256	-0.0	0.382761	1
10173562	0.307513	0.290813	2
41188469	0.331449	0.311408	2
74411287	0.199568	0.167735	2
14948485	0.374371	0.353722	2
15250836	0.417483	0.407127	2
8384912	0.311856	0.299453	2
11489	0.436214	0.43202	2
92697733	-0.0	0.27955	1
46589508	0.318742	0.29489	2
15242663	0.400439	0.357429	2
15145021	-0.0	0.421166	1
19044237	0.380602	0.358979	2
33213349	-0.0	0.376519	1
18092306	-0.0	0.361442	1
54295084	0.341429	0.320413	2
16546592	0.386004	0.371834	2
103550181	-0.0	0.214463	1
40345109	0.203772	0.148786	2
15320887	0.323007	0.308116	2
34010454	0.380602	0.361174	2
48663963	0.270657	0.249216	2
7480172	-0.0	0.387016	1
19076622	0.368868	0.342962	2
28301633	2.0591	0.426248	12
127666792	-0.0	0.449738	1
14131683	0.357715	0.340359	2
14118937	0.286216	0.243425	2
13097772	-0.0	0.410853	1
79637747	0.261307	0.240169	2
16847211	0.328928	0.317594	2
15441450	0.365701	0.353631	2
210308682	0.372018	0.359125	2
102617462	-0.0	0.289355	1
179975701	0.242136	0.215313	2
132946771	0.364348	0.284157	3
97071094	0.331449	0.315917	2
222036474	0.192127	0.150858	2
12797072	-0.0	0.415294	1
34356968	3.39892	0.3988	32
225515247	-0.0	0.48932	1
14532450	0.411607	0.391344	2
44224901	-0.0	0.30428	1
19679188	0.341429	0.320359	2
18944002	-0.0	0.084594	1
19083865	-0.0	0.143117	1
13298	0.456608	0.225521	3
31016521	-0.0	0.330153	1
18610666	0.225309	0.20686	2
176499503	-0.0	0.450686	1
29097048	2.5062	0.379229	7
10785032	0.394401	0.370315	2
53941287	0.333959	0.304651	2
43194865	0.434081	0.408354	2
182825727	-0.0	0.318215	1
86188413	0.538074	0.256359	3
123431836	0.261307	0.25022	2
14274132	0.321305	0.301223	2
40907388	0.259418	0.250429	2
92513185	0.225309	0.200528	2
21700719	0.360122	0.317698	2
180605438	0.313585	0.278164	2
17224164	0.325552	0.315188	2
29641373	-0.0	0.229709	1
31293436	-0.0	0.22214	1
213945499	0.17469	0.113672	2
125867143	0.300497	0.286817	2
22907920	0.400439	0.389902	2
7721172	-0.0	0.311288	1
14380462	-0.0	0.352952	1
55222535	0.219244	0.201275	2
173273224	0.227315	0.210762	2
18872519	0.202724	0.184086	2
258949269	0.378273	0.361027	2
72741498	0.205862	0.166139	2
61291337	0.235269	0.212358	2
18705078	0.364112	0.33453	2
37977930	-0.0	0.341865	1
178468054	0.341429	0.323778	2
10144522	0.296071	0.288494	2
15276401	0.244083	0.235589	2
43239422	0.317886	0.311396	2
49269927	0.218226	0.195286	2
56973737	0.194264	0.158504	2
755332	0.32977	0.273418	2
14135237	1.45205	0.336725	28
29427149	0.313585	0.30086	2
6774272	0.349625	0.315106	2
6753242	-0.0	0.408994	1
17764146	-0.0	0.349278	1
57187935	0.194264	0.166229	2
26236577	0.320452	0.312966	2
111789350	0.395916	0.38578	2
239188819	0.309254	0.290497	2
28976045	0.182395	0.152348	2
18761609	-0.0	0.330153	1
106782001	-0.0	0.152574	1
34022565	-0.0	0.379257	1
23584959	0.57181	0.278382	3
191807566	0.25467	0.193415	2
181421726	0.33729	0.279249	2
7350652	0.825501	0.386278	11
10284542	0.388306	0.378374	2
156768711	-0.0	0.246489	1
15117599	0.317886	0.307615	2
123042932	0.199568	0.186149	2
203495480	0.219244	0.125794	2
203867751	0.27803	0.230954	2
1069351	0.435504	0.425041	2
6084982	0.33812	0.326742	2
77285641	0.34554	0.330527	2
7770342	1.69152	0.264827	67
110972066	0.316169	0.294065	2
93996939	0.295182	0.255817	2
14724577	0.327242	0.288711	2
17142283	0.379827	0.367452	2
18763514	0.427638	0.419169	2
108789283	0.327242	0.28731	2
19751635	0.372018	0.36232	2
247358076	0.40642	0.367643	2
73497064	-0.0	0.308669	1
33063845	0.309254	0.291117	2
18944608	-0.0	0.444478	1
8690902	0.404183	0.387722	2
25804856	0.32977	0.28972	2
27426996	0.336459	0.280264	2
43541405	0.437796	0.291487	4
245126239	-0.0	0.439174	1
3100011	0.316169	0.307266	2
16668970	0.28802	0.260393	2
5724622	-0.0	0.374556	1
255167616	-0.0	0.399614	1
3028161	0.352063	0.330754	2
14277276	0.360122	0.347984	2
231197232	0.229315	0.195611	2
21678847	0.255623	0.215975	2
16750984	-0.0	0.428792	1
21881105	-0.0	0.438464	1
30028738	-0.0	0.362646	1
125409467	0.304891	0.222598	2
49462176	0.360922	0.344189	2
19251570	-0.0	0.392774	1
199796064	0.230312	0.212248	2
58818905	0.217207	0.190802	2
24906998	0.290716	0.249973	2
18231339	0.308384	0.296572	2
923541	0.398935	0.370326	2
123411667	0.222285	0.205939	2
124279842	0.396672	0.34855	2
143414740	-0.0	0.348982	1
16297675	-0.0	0.382761	1
21622756	0.236256	0.215593	2
16341217	-0.0	0.324213	1
141524887	0.293399	0.267063	2
19719380	0.33729	0.317603	2
259653783	0.167986	0.139801	2
9491292	0.266935	0.219166	2
251749269	0.25276	0.191751	2
15483517	0.27803	0.236925	2
7263402	0.295182	0.279205	2
177330882	0.368078	0.3558	2
44458662	-0.0	0.358625	1
5727392	0.24892	0.231723	2
173022209	0.240183	0.225227	2
112749574	0.272509	0.259641	2
106413293	0.233292	0.205602	2
26174646	-0.0	0.405633	1
22414207	-0.0	0.348459	1
28599031	0.260968	0.191093	3
450953	-0.0	0.437752	1
203061249	2.44527	0.34769	18
6567132	0.297845	0.257642	2
143505598	0.34881	0.321132	2
22540789	0.270657	0.243993	2
36696790	0.240183	0.17445	2
262770233	-0.0	0.270761	1
14125002	1.46093	0.179274	21
222376705	0.203772	0.169354	2
54642207	-0.0	0.428431	1
47050697	0.372018	0.361332	2
151136998	0.365701	0.328914	2
17579321	0.217207	0.183506	2
19935490	0.24116	0.229042	2
73774260	0.178007	0.146784	2
81422427	0.372018	0.356773	2
18686463	3.40354	0.421916	40
171908911	0.93955	0.236232	31
14676022	2.73929	0.383936	43
115575220	-0.0	0.363847	1
186024338	-0.0	0.269361	1
38527309	1.62011	0.281636	7
17850637	0.303138	0.293774	2
48880548	0.372804	0.33741	2
16356947	0.410868	0.395582	2
36920017	0.293399	0.273563	2
82109274	0.385235	0.376641	2
201147730	3.4093	0.327127	11
19654406	-0.0	0.419703	1
110320464	0.293399	0.271876	2
47577195	0.37905	0.371638	2
75816353	0.114204	0.0758465	2
16828143	0.365701	0.350484	2
11235032	0.267867	0.250342	2
1528701	0.328928	0.29907	2
85008170	-0.0	0.149051	1
34278049	0.379827	0.367262	2
14270791	-0.0	0.300746	1
253835890	-0.0	0.372586	1
14090906	0.322156	0.304436	2
34826262	0.239204	0.20037	2
62985966	0.261307	0.237342	2
15269609	0.297845	0.279157	2
32422915	-0.0	0.418237	1
15662467	0.350439	0.338466	2
18143526	-0.0	0.391244	1
14285902	1.11337	0.337486	21
121558178	1.04126	0.170507	57
238567786	0.290074	0.210041	4
18485558	0.33729	0.32814	2
68982398	0.304891	0.289008	2
87615535	-0.0	0.48107	1
18766019	0.434702	0.19754	3
30175166	0.301379	0.284267	2
76624275	0.356911	0.330022	2
38124429	0.33729	0.321416	2
231546333	0.196392	0.168648	2
23530440	0.0958708	0.068348	2
755019	0.412344	0.396401	2
48397093	0.368078	0.340994	2
143879476	0.360122	0.354768	2
88388566	0.261307	0.2488	2
23876372	0.373588	0.367155	2
17003118	0.333123	0.31851	2
49992096	1.59928	0.328913	51
2507851	0.441868	0.434683	2
20758436	0.364112	0.347074	2
39817723	-0.0	0.296299	1
6144162	0.311856	0.294631	2
99198384	0.170231	0.124229	2
17796440	0.381377	0.370562	2
16471088	0.307513	0.272663	2
70872642	0.277113	0.237356	2
165418860	0.317886	0.288519	2
227462101	0.488631	0.435374	2
84097256	0.317028	0.302456	2
229671941	0.33729	0.329442	2
91148885	0.291612	0.281841	2
91525907	-0.0	0.429874	1
1639601	0.25467	0.241768	2
242385467	0.301379	0.2425	2
89036498	0.255623	0.135875	2
22986347	0.464668	0.455212	2
17070787	0.268799	0.21893	2
133893663	0.319598	0.282265	2
14363211	0.352874	0.340597	2
14320024	0.347178	0.333464	2
14679080	0.290716	0.279564	2
32998543	0.228316	0.146352	2
85993972	0.383695	0.372968	2
20332142	0.336459	0.32947	2
22047622	0.308384	0.284397	2
115585592	0.231307	0.19499	2
5149	0.372018	0.356573	2
15445270	0.353683	0.339071	2
217527334	0.233292	0.216229	2
67381805	0.266001	0.25184	2
34486207	0.253716	0.183611	2
15110531	0.312721	0.301743	2
125090924	-0.0	0.372981	1
176388123	0.176904	0.163605	2
257010215	0.260363	0.212303	2
15410368	0.379827	0.36992	2
17722477	0.323007	0.303653	2
23499008	0.899487	0.155005	37
39944598	0.32977	0.318247	2
26761733	0.321305	0.308356	2
166757786	0.162326	0.140316	2
92102625	-0.0	0.205102	1
15281078	0.250843	0.240008	2
68093615	0.230312	0.187603	2
125382460	-0.0	0.324213	1
18911295	0.238223	0.226067	2
810573	0.37905	0.368173	2
22790425	0.315309	0.279582	2
26730532	0.410868	0.377365	2
25054164	-0.0	0.252294	1
16513752	-0.0	0.329308	1
6695732	0.334793	0.313959	2
216172901	0.398182	0.374786	2
15947897	-0.0	0.249882	1
22301442	0.301379	0.271546	2
15505550	0.332287	0.317891	2
15946540	-0.0	0.39086	1
85346124	0.249882	0.201181	2
48829726	0.242136	0.22435	2
192171500	0.298731	0.286102	2
9739592	0.314448	0.291619	2
43364907	-0.0	0.416767	1
5720382	0.375935	0.368454	2
25160944	0.377494	0.350165	2
14811744	-0.0	0.379648	1
101631951	0.25276	0.241263	2
250841587	0.432655	0.39183	2
33098821	0.366495	0.348767	2
17079099	0.817163	0.295349	4
42394030	-0.0	0.165261	1
16720708	0.278945	0.267328	2
4554681	0.327242	0.320913	2
15073882	0.883183	0.231869	26
1363481	0.350439	0.335508	2
268578441	0.291612	0.261637	2
226628778	-0.0	0.371797	1
51734182	-0.0	0.374556	1
106491960	-0.0	0.327615	1
141571223	0.281682	0.233944	2
21152997	0.258472	0.233786	2
47224252	0.24892	0.234434	2
1585	0.352063	0.306883	2
22841103	0.305766	0.286807	2
10819662	0.434793	0.425468	2
20329248	-0.0	0.366243	1
215660476	0.299803	0.257334	2
19673977	3.48192	0.357079	59
16291379	0.273433	0.257723	2
119396029	0.260363	0.224591	2
14100617	0.272509	0.251835	2
200936459	0.260363	0.251543	2
111047202	0.309703	0.294096	2
14154581	0.352874	0.343975	2
18787972	0.282592	0.258926	2
45484909	0.24311	0.218745	2
69139769	0.33812	0.315553	2
255509379	0.256574	0.242215	2
15010721	0.291612	0.269199	2
814293	0.304015	0.274545	2
11137092	0.890904	0.178545	38
14235323	0.32977	0.30356	2
8823362	0.347994	0.327547	2
95590378	0.175798	0.14735	2
18355228	-0.0	0.317785	1
20592179	0.352874	0.339115	2
124473570	-0.0	0.30998	1
215370565	0.311856	0.300612	2
52090770	0.30664	0.287871	2
39616153	-0.0	0.380817	1
20380789	-0.0	0.26749	1
25100373	0.274355	0.262656	2
16703742	0.979382	0.250662	8
52017610	0.326398	0.317645	2
13348	0.286216	0.267835	2
10284472	-0.0	0.453915	1
117218161	-0.0	0.397721	1
229587355	0.34636	0.32334	2
16878100	-0.0	0.38971	1
43131591	0.434793	0.427043	2
45334322	0.388306	0.346233	2
20661527	-0.0	0.261365	1
15677451	0.376715	0.366399	2
30204846	0.410868	0.388275	2
137622383	0.284407	0.273049	2
23714675	-0.0	0.330153	1
203082717	0.25684	0.112649	5
208920761	0.396672	0.391677	2
146917975	0.14845	0.109232	2
250215521	0.150792	0.127338	2
12916	0.2835	0.259792	2
46858911	0.310122	0.293693	2
57949239	0.371232	0.36281	2
90961345	3.0995	0.249884	39
73037662	-0.0	0.427708	1
7159752	-0.0	0.273551	1
240551046	0.227315	0.1733	2
64544676	-0.0	0.398858	1
13286912	0.194264	0.174142	2
14186024	0.247956	0.220679	2
21101803	-0.0	0.369422	1
6988672	-0.0	0.223155	1
23188316	-0.0	0.361844	1
61481916	0.275276	0.235135	2
23556388	0.224303	0.206301	2
5513352	0.340603	0.333648	2
16608508	0.273433	0.265078	2
14404516	-0.0	0.403383	1
8481222	0.333123	0.311114	2
16822795	-0.0	0.316922	1
19411110	0.343077	0.334718	2
26908609	-0.0	0.30604	1
164036980	0.173579	0.164512	2
12300692	-0.0	0.321222	1
22295736	0.258472	0.246061	2
78606921	-0.0	0.393537	1
1120601	0.386004	0.372771	2
234225759	-0.0	0.341865	1
68113369	0.40799	0.18291	3
113052026	-0.0	0.369422	1
25216751	-0.0	0.367039	1
14935192	0.264128	0.235957	2
17971299	-0.0	0.401124	1
38151395	0.347178	0.329063	2
191964962	0.32977	0.316296	2
265205346	-0.0	0.254215	1
13410	-0.0	0.324639	1
15888070	-0.0	0.275576	1
139063272	0.233292	0.184466	2
14925585	-0.0	0.363847	1
148425035	-0.0	0.334361	1
69342256	-0.0	0.338124	1
15033971	0.32858	0.309655	2
142415173	-0.0	0.27725	1
17760136	1.10391	0.254357	25
191108687	0.272509	0.252569	2
58929534	-0.0	0.286397	1
15768216	-0.0	0.395062	1
57113993	-0.0	0.341865	1
36986564	0.213109	0.161954	2
20382652	-0.0	0.320364	1
219785653	-0.0	0.319506	1
73332460	0.262248	0.244677	2
38093881	0.323856	0.297436	2
18731529	0.309254	0.301771	2
14421572	0.31099	0.287132	2
62337297	0.144912	0.115262	2
17812000	0.328928	0.318627	2
45756215	-0.0	0.270295	1
18313617	0.319598	0.312777	2
12874852	-0.0	0.366641	1
85402667	0.24892	0.241992	2
12049792	0.289819	0.274881	2
197075594	0.672935	0.33462	5
19572909	0.293399	0.270404	2
266646078	-0.0	0.440593	1
10736862	-0.0	0.374949	1
15936194	0.414552	0.407211	2
217799324	0.289819	0.251426	2
103176229	0.251802	0.188038	2
7712452	0.24892	0.227483	2
119441558	-0.0	0.333522	1
25246638	0.246023	0.227492	2
7583052	0.151959	0.118611	2
48059095	0.25276	0.2225	2
30010982	0.284407	0.272865	2
240798167	0.385235	0.371413	2
17092592	0.39557	0.280782	4
121644896	-0.0	0.348049	1
33657748	0.12553	0.0897619	2
77026018	0.446175	0.350384	4
176140153	0.333959	0.328397	2
785595	0.234281	0.207242	2
161370186	-0.0	0.427708	1
113134013	0.365701	0.333123	2
25003235	-0.0	0.371797	1
92711494	0.149622	0.110902	2
210909560	2.07027	0.395927	15
14607461	0.993399	0.229395	13
13546712	-0.0	0.200887	1
1045701	0.228316	0.212083	2
12566322	-0.0	0.384312	1
108811740	-0.0	0.345994	1
18215165	1.67832	0.282451	42
18322904	0.318742	0.313159	2
19038395	0.256574	0.236194	2
16378860	0.262248	0.24205	2
74037588	0.234281	0.216537	2
30510564	-0.0	0.217547	1
69124203	0.269728	0.253545	2
14427431	-0.0	0.346817	1
15780402	-0.0	0.259467	1
180171500	0.201674	0.182196	2
21908076	0.324705	0.310908	2
14774443	-0.0	0.311288	1
20071285	-0.0	0.364647	1
13900042	0.295182	0.279339	2
14889333	0.272509	0.252489	2
21795244	0.375935	0.361975	2
16586626	0.276935	0.215541	3
127389870	0.269728	0.239637	2
217574343	0.251802	0.241922	2
14027532	0.392883	0.379493	2
818176	0.305766	0.275463	2
50832208	0.400759	0.348637	3
139848857	-0.0	0.283668	1
14659923	0.327242	0.316776	2
100554896	0.363316	0.355378	2
234409801	0.220259	0.168311	2
250621937	-0.0	0.129763	1
8474322	0.352063	0.328228	2
54708000	1.39063	0.36178	41
17308031	0.317028	0.295382	2
13267172	0.529796	0.260903	3
1308101	0.286216	0.273899	2
45085003	0.228316	0.195348	2
14890621	0.365701	0.339817	2
36480743	0.315309	0.301685	2
29460521	0.275276	0.264903	2
34394575	0.199568	0.184982	2
25318477	-0.0	0.383537	1
15020853	0.203772	0.177719	2
6426552	0.242136	0.223664	2
124942059	0.197453	0.172245	2
20172321	0.184574	0.119631	2
222823225	0.188904	0.139579	2
14634197	0.303138	0.249926	2
14222176	0.233292	0.21404	2
262751654	0.255065	0.176333	4
15577052	0.302259	0.292951	2
33158428	0.299615	0.289726	2
14226882	2.35933	0.39066	20
28471924	0.273589	0.187759	3
147279287	0.261071	0.156986	3
17549096	0.324705	0.31378	2
110679470	-0.0	0.367039	1
21938378	-0.0	0.30998	1
14934063	0.323856	0.286747	2
14342547	0.207943	0.195227	2
75222479	0.297845	0.243495	2
119220971	0.28892	0.265135	2
30178173	0.281682	0.195216	2
69971262	0.17135	0.150229	2
27641459	0.215578	0.185357	2
40285852	0.231307	0.184612	2
16032700	-0.0	0.316059	1
11632342	0.290716	0.263431	2
46016451	0.2323	0.222316	2
