316
808
823
783
942
273
166
593
403
441
648
984
141
409
471
34
241
612
782
340
354
915
180
739
474
842
961
369
438
160
284
535
557
931
120
134
392
400
578
98
201
157
839
553
606
653
757
822
846
422
588
299
363
595
16
171
228
443
751
957
276
265
288
601
776
260
183
187
263
407
455
645
665
826
845
872
632
673
17
72
177
261
292
318
365
421
514
561
810
811
818
907
3
7
19
256
298
364
388
508
696
716
741
848
886
543
353
401
457
581
671
778
967
264
281
348
494
498
513
530
567
586
624
650
760
795
844
856
887
964
