684
89
517
116
128
194
53
91
45
250
220
286
449
225
245
271
121
636
40
114
26
308
398
184
15
104
386
154
186
38
113
111
59
0
44
86
123
21
248
58
106
411
525
546
9
623
222
328
432
317
57
36
51
5
12
176
88
43
181
159
425
976
14
545
63
527
801
983
29
129
970
803
321
75
80
83
103
133
85
460
117
163
302
93
462
142
131
463
47
746
219
655
708
22
37
165
30
464
914
282
226
829
827
293
768
309
254
643
67
92
290
325
367
797
835
150
370
192
65
81
272
431
130
31
172
793
61
147
528
267
642
156
209
203
689
182
565
99
779
670
162
345
223
55
242
109
297
357
339
232
699
725
971
347
865
652
39
688
108
259
179
631
785
167
52
336
144
155
904
199
410
213
625
754
387
819
295
20
27
860
60
647
23
359
246
221
287
415
444
189
84
102
158
212
537
283
947
105
112
726
322
185
333
515
552
71
234
521
767
54
127
713
73
79
417
843
100
487
320
300
77
207
393
456
95
237
399
882
125
426
430
674
838
174
483
664
883
56
145
538
686
701
28
629
122
191
902
468
25
307
583
164
175
330
68
301
356
257
49
352
869
137
170
874
169
504
243
200
202
215
484
529
262
310
70
867
188
794
64
958
124
140
197
78
101
136
582
76
115
270
296
448
604
804
249
559
255
414
442
591
802
313
342
326
418
526
752
332
372
434
660
10
230
389
467
478
427
153
208
233
252
437
459
90
335
590
24
96
331
453
490
766
206
319
711
66
143
361
408
501
579
661
210
831
312
544
135
146
470
564
668
616
148
376
381
420
584
602
824
956
11
329
346
633
704
720
966
997
2
74
132
161
485
678
724
343
278
285
375
518
269
304
379
305
315
934
118
380
763
505
240
275
395
558
792
864
119
139
291
516
600
728
758
962
195
424
503
500
69
110
218
338
358
628
311
383
334
562
323
644
935
42
97
224
268
384
519
621
756
859
149
247
266
280
597
613
639
690
884
236
445
454
539
585
722
735
152
196
198
274
396
482
731
775
868
953
314
355
412
497
507
532
626
662
930
990
294
405
452
610
769
879
683
32
35
350
577
641
676
702
816
48
62
341
635
781
786
950
41
94
107
173
178
279
366
416
419
447
472
475
555
605
817
880
906
924
933
951
995
669
770
