1
4
6
8
13
18
33
46
50
82
87
126
138
151
168
190
193
204
205
211
214
216
217
227
229
231
235
238
239
244
251
253
258
277
289
303
306
324
327
337
344
349
351
360
362
368
371
373
374
377
378
382
385
390
391
394
397
402
404
406
413
423
428
429
433
435
436
439
440
446
450
451
458
461
465
466
469
473
476
477
479
480
481
486
488
489
491
492
493
495
496
499
502
506
509
510
511
512
520
522
523
524
531
533
534
536
540
541
542
547
548
549
550
551
554
556
560
563
566
568
569
570
571
572
573
574
575
576
580
587
589
592
594
596
598
599
603
607
608
609
611
614
615
617
618
619
620
622
627
630
634
637
638
640
646
649
651
654
656
657
658
659
663
666
667
672
675
677
679
680
681
682
685
687
691
692
693
694
695
697
698
700
703
705
706
707
709
710
712
714
715
717
718
719
721
723
727
729
730
732
733
734
736
737
738
740
742
743
744
745
747
748
749
750
753
755
759
761
762
764
765
771
772
773
774
777
780
784
787
788
789
790
791
796
798
799
800
805
806
807
809
812
813
814
815
820
821
825
828
830
832
833
834
836
837
840
841
847
849
850
851
852
853
854
855
857
858
861
862
863
866
870
871
873
875
876
877
878
881
885
888
889
890
891
892
893
894
895
896
897
898
899
900
901
903
905
908
909
910
911
912
913
916
917
918
919
920
921
922
923
925
926
927
928
929
932
936
937
938
939
940
941
943
944
945
946
948
949
952
954
955
959
960
963
965
968
969
972
973
974
975
977
978
979
980
981
982
985
986
987
988
989
991
992
993
994
996
998
999
